accuracy	0.879961	0.879523	0.878211	0.877883	0.884115	0.878102	0.880617	0.877993	0.881273	0.877446	0.878102	0.883131	0.873073	0.884990	0.878321	0.882256	0.877009	0.881710	0.880179	0.883568	0.879851	0.875041	0.878649	0.877228	0.877774	0.881710	0.876572	0.884115	0.882038	0.874057	0.876025	0.887067	0.875806	0.882803	0.878649	0.877665	0.880726	0.880617	0.877337	0.883678	0.882256	0.881601	0.877118	0.880507	0.881710	0.879414	0.879633	0.879961	0.878430	0.879086	0.879692	0.002857
recall	0.670082	0.665123	0.665047	0.667783	0.675357	0.662765	0.672186	0.674358	0.673865	0.669415	0.668796	0.665592	0.664252	0.678580	0.663219	0.679139	0.661177	0.670171	0.670736	0.672831	0.670719	0.666253	0.669108	0.672498	0.660745	0.667783	0.665322	0.673997	0.676580	0.664815	0.652995	0.675361	0.665198	0.679178	0.676366	0.659179	0.664683	0.672852	0.664480	0.673824	0.669956	0.669447	0.659764	0.674316	0.674394	0.670276	0.673672	0.666301	0.678497	0.669130	0.669363	0.005700
precision	0.719475	0.726036	0.721285	0.725975	0.728581	0.714204	0.726158	0.721358	0.726794	0.728117	0.723471	0.730615	0.713263	0.727757	0.715915	0.734155	0.711520	0.724001	0.720651	0.734067	0.725467	0.719289	0.716267	0.730046	0.723955	0.726126	0.712794	0.726399	0.726464	0.710765	0.708120	0.726282	0.718827	0.734745	0.720543	0.721641	0.718958	0.727224	0.714299	0.732988	0.729747	0.720708	0.720551	0.721772	0.725719	0.722869	0.718809	0.721115	0.721549	0.722403	0.722797	0.006167
f1score	0.689900	0.688219	0.686766	0.690136	0.696599	0.682994	0.693491	0.693454	0.694907	0.691949	0.690156	0.689969	0.683652	0.698618	0.683845	0.700974	0.681005	0.691413	0.690739	0.696397	0.692201	0.686971	0.688165	0.694778	0.684252	0.690302	0.684351	0.694950	0.696741	0.683295	0.673950	0.695945	0.686085	0.701199	0.694581	0.682424	0.685887	0.694295	0.684239	0.696818	0.692976	0.689876	0.682558	0.693613	0.694959	0.691080	0.692179	0.687688	0.696363	0.690105	0.690360	0.005568
mcc	0.386413	0.386387	0.382217	0.389434	0.400417	0.373443	0.394670	0.392915	0.397147	0.393175	0.388438	0.390835	0.374321	0.403350	0.375455	0.409616	0.369281	0.390480	0.388191	0.402264	0.392385	0.381877	0.382479	0.398409	0.379471	0.389564	0.375124	0.396951	0.399945	0.372758	0.356883	0.398402	0.380262	0.410177	0.394443	0.375663	0.379782	0.396363	0.375489	0.402487	0.395205	0.386773	0.375426	0.393235	0.396808	0.389611	0.389878	0.383519	0.397723	0.387892	0.388469	0.010812
spd	0.145302	0.171457	0.156884	0.158887	0.135612	0.160817	0.124192	0.164400	0.132010	0.155745	0.133251	0.132328	0.156151	0.150068	0.110033	0.149960	0.158509	0.119502	0.187967	0.110046	0.156235	0.108354	0.146203	0.153461	0.147140	0.141524	0.122044	0.131979	0.172445	0.149526	0.121695	0.116811	0.151206	0.167117	0.147672	0.156836	0.150268	0.124221	0.160926	0.141955	0.135210	0.153440	0.142080	0.144763	0.162702	0.139152	0.175084	0.109352	0.182036	0.149467	0.145481	0.018924
aod	0.153445	0.166446	0.193370	0.178953	0.120500	0.145995	0.129965	0.180085	0.155520	0.148124	0.119592	0.128198	0.147395	0.117882	0.126397	0.170754	0.182050	0.134268	0.211385	0.119831	0.165548	0.117069	0.157366	0.153937	0.140260	0.136920	0.114424	0.123754	0.153538	0.159581	0.106251	0.111293	0.168272	0.208725	0.134785	0.148671	0.155691	0.108095	0.151732	0.107011	0.092829	0.179274	0.145599	0.136329	0.145964	0.153026	0.178570	0.118209	0.171722	0.120336	0.145899	0.026867
eod	0.203558	0.231738	0.307640	0.259795	0.159962	0.195867	0.189529	0.269886	0.236693	0.196130	0.152979	0.170572	0.207129	0.149549	0.218269	0.258873	0.271468	0.210807	0.307656	0.176364	0.217937	0.162807	0.239116	0.230370	0.205229	0.179722	0.152046	0.176266	0.222170	0.231041	0.168946	0.130918	0.240774	0.329253	0.182349	0.187486	0.219509	0.152368	0.168260	0.134953	0.128695	0.274826	0.203877	0.193723	0.197639	0.220000	0.233907	0.191394	0.210206	0.143040	0.206066	0.046099
accuracy	0.844430	0.853504	0.848912	0.845742	0.847710	0.849568	0.853504	0.840057	0.850005	0.845523	0.844539	0.851645	0.844321	0.852739	0.850443	0.852083	0.844430	0.851208	0.845851	0.848256	0.844867	0.841915	0.847710	0.848584	0.845414	0.842353	0.845086	0.847819	0.842243	0.842790	0.843774	0.853176	0.845086	0.850771	0.844321	0.841915	0.851208	0.847382	0.846616	0.848147	0.843555	0.848256	0.845195	0.846070	0.846726	0.845086	0.840931	0.844649	0.840166	0.849459	0.846715	0.003547
recall	0.644887	0.652410	0.646059	0.647884	0.650014	0.649863	0.653336	0.639415	0.655240	0.645728	0.645909	0.646853	0.652385	0.656735	0.649544	0.662580	0.643321	0.648598	0.648118	0.644446	0.645528	0.642568	0.653325	0.651433	0.641088	0.640417	0.652169	0.647540	0.651593	0.643969	0.628935	0.654141	0.645397	0.653110	0.658211	0.634673	0.647850	0.654933	0.639070	0.652768	0.643726	0.642783	0.643636	0.648243	0.651779	0.648039	0.639868	0.642374	0.650688	0.653280	0.647729	0.006089
precision	0.643481	0.664644	0.654552	0.654025	0.648093	0.652871	0.662862	0.639723	0.657357	0.654968	0.649630	0.655463	0.654380	0.655650	0.654686	0.665873	0.643429	0.654120	0.647011	0.650784	0.648046	0.647448	0.651615	0.663441	0.649863	0.639788	0.649176	0.645967	0.643975	0.645678	0.636282	0.650663	0.651459	0.659867	0.651311	0.641105	0.652652	0.654933	0.645545	0.653112	0.643833	0.645695	0.649785	0.647355	0.649978	0.648589	0.636882	0.643778	0.643956	0.657131	0.650250	0.006694
f1score	0.644178	0.658107	0.650087	0.650839	0.649042	0.651340	0.657843	0.639569	0.656285	0.650085	0.647726	0.650938	0.653370	0.656189	0.652037	0.664197	0.643375	0.651268	0.647561	0.647491	0.646767	0.644931	0.652461	0.657019	0.645229	0.640102	0.650645	0.646746	0.647599	0.644814	0.632417	0.652367	0.648313	0.656357	0.654618	0.637747	0.650182	0.654933	0.642171	0.652940	0.643780	0.644212	0.646591	0.647796	0.650868	0.648313	0.638344	0.643069	0.647175	0.655162	0.648904	0.005937
mcc	0.288365	0.316818	0.300491	0.301846	0.298101	0.302720	0.316054	0.279138	0.312589	0.300554	0.295516	0.302193	0.306759	0.312382	0.304187	0.328437	0.286749	0.302668	0.295127	0.295163	0.293563	0.289976	0.304935	0.314644	0.290818	0.280205	0.301330	0.293503	0.295470	0.289642	0.265116	0.304784	0.296794	0.312904	0.309445	0.275703	0.300463	0.309866	0.284541	0.305880	0.287559	0.288463	0.293357	0.295596	0.301751	0.296627	0.276734	0.286148	0.294567	0.310388	0.297933	0.011902
spd	0.259984	0.240532	0.246983	0.210023	0.197976	0.229704	0.229937	0.227531	0.192843	0.226916	0.211797	0.233568	0.235316	0.220944	0.173935	0.264711	0.220245	0.164132	0.257249	0.171452	0.237982	0.205411	0.225087	0.224111	0.211343	0.232164	0.202352	0.229645	0.225056	0.212395	0.198000	0.216253	0.234882	0.221600	0.209203	0.234201	0.208270	0.202966	0.244460	0.221228	0.223115	0.203441	0.242468	0.234183	0.261363	0.245548	0.254766	0.228052	0.265553	0.207663	0.223571	0.022546
aod	0.268915	0.241352	0.276852	0.248723	0.205986	0.218302	0.252105	0.230974	0.218275	0.220336	0.194452	0.239581	0.237118	0.199875	0.192623	0.266728	0.249693	0.182547	0.291625	0.183992	0.258367	0.199014	0.221132	0.242589	0.237355	0.236377	0.198800	0.236428	0.205793	0.218004	0.187807	0.223787	0.253736	0.245971	0.211056	0.211408	0.214570	0.201080	0.245970	0.183900	0.197738	0.234500	0.249824	0.234833	0.245055	0.231275	0.250325	0.269587	0.268852	0.182696	0.228358	0.027266
eod	0.314518	0.311477	0.373433	0.355501	0.276880	0.267893	0.333704	0.286080	0.297858	0.261155	0.213078	0.293296	0.311165	0.241046	0.283087	0.317463	0.343490	0.258581	0.399114	0.238182	0.322970	0.215965	0.269666	0.343739	0.356626	0.285583	0.239080	0.305150	0.257446	0.274541	0.245477	0.259572	0.323729	0.329809	0.277936	0.215802	0.274040	0.263720	0.274362	0.193894	0.250315	0.330552	0.309140	0.297464	0.285725	0.245455	0.282322	0.391594	0.321803	0.205495	0.288519	0.046483
