accuracy	0.647218	0.686116	0.660724	0.656942	0.660724	0.659103	0.664506	0.669368	0.684495	0.672609	0.698541	0.673150	0.681253	0.676931	0.679092	0.656402	0.667747	0.676931	0.669908	0.672069	0.670448	0.658563	0.676931	0.667207	0.665586	0.667747	0.642355	0.677472	0.679633	0.674230	0.669908	0.666126	0.671529	0.655862	0.669368	0.653701	0.647758	0.660184	0.660184	0.679092	0.657482	0.670989	0.667747	0.680713	0.667747	0.667747	0.675311	0.661804	0.672069	0.665586	0.668298	0.010459
recall	0.637523	0.676697	0.644774	0.643774	0.647813	0.648379	0.649936	0.651636	0.672239	0.661395	0.683052	0.660099	0.668874	0.661964	0.663762	0.643550	0.654243	0.664774	0.660643	0.660452	0.653141	0.644026	0.661410	0.649777	0.648477	0.653561	0.628405	0.664274	0.664981	0.660670	0.657509	0.652057	0.656852	0.643248	0.652865	0.640123	0.630332	0.642623	0.648986	0.659579	0.644981	0.655062	0.653358	0.669601	0.658474	0.653993	0.657385	0.652801	0.659119	0.649825	0.654461	0.010610
precision	0.654262	0.700103	0.662238	0.662278	0.667788	0.662557	0.672319	0.663619	0.690265	0.671288	0.706491	0.678033	0.681573	0.676844	0.682799	0.662666	0.676112	0.677788	0.678052	0.680735	0.666595	0.657176	0.677122	0.667915	0.665311	0.671561	0.642061	0.683744	0.683200	0.674864	0.668364	0.677108	0.674034	0.666901	0.676160	0.656829	0.648286	0.656952	0.677562	0.679786	0.665556	0.670202	0.671440	0.687014	0.675648	0.673213	0.678855	0.664578	0.679782	0.669818	0.672309	0.011544
f1score	0.632864	0.672756	0.643129	0.640487	0.644191	0.646313	0.646295	0.652743	0.671141	0.661794	0.682586	0.658450	0.669223	0.662164	0.662957	0.639834	0.650780	0.664738	0.657523	0.657321	0.653878	0.643457	0.661517	0.648870	0.647797	0.651811	0.626183	0.662488	0.664266	0.660519	0.657813	0.647360	0.655857	0.637369	0.650040	0.637440	0.627565	0.642471	0.640989	0.659594	0.640616	0.655040	0.651641	0.668016	0.655281	0.651641	0.656238	0.651318	0.656340	0.647616	0.652566	0.011378
mcc	0.291304	0.376073	0.306515	0.305492	0.314969	0.310613	0.321476	0.315026	0.362056	0.332535	0.388837	0.337657	0.350217	0.338481	0.346038	0.305619	0.329630	0.342315	0.338248	0.340583	0.319453	0.300915	0.338167	0.317174	0.313337	0.324623	0.270121	0.347473	0.347704	0.335233	0.325692	0.328210	0.330439	0.309246	0.328199	0.296482	0.278039	0.299232	0.325295	0.338763	0.309855	0.324911	0.324294	0.356189	0.333680	0.326640	0.335554	0.317161	0.338271	0.319017	0.326261	0.021818
spd	0.112025	0.121195	0.158084	0.165843	0.120746	0.154225	0.164826	0.181224	0.211938	0.115275	0.183168	0.156509	0.205342	0.149916	0.192951	0.145893	0.124304	0.134803	0.188632	0.192465	0.171543	0.193658	0.194260	0.151107	0.161910	0.194280	0.146365	0.155654	0.200825	0.159930	0.157581	0.147611	0.189228	0.191989	0.180724	0.143212	0.158050	0.159936	0.172325	0.197742	0.199803	0.168536	0.174569	0.130419	0.182147	0.160982	0.184133	0.147772	0.178466	0.175510	0.166193	0.024858
aod	0.088944	0.070337	0.135698	0.139094	0.075329	0.128971	0.132052	0.162653	0.184163	0.080403	0.152000	0.124519	0.175946	0.121073	0.169472	0.134408	0.092374	0.107532	0.152501	0.166540	0.150044	0.162230	0.172771	0.114076	0.145205	0.163396	0.129994	0.114266	0.181427	0.128107	0.122961	0.114721	0.171243	0.151598	0.161451	0.112424	0.146751	0.133415	0.157575	0.192207	0.179468	0.135869	0.155415	0.105484	0.146720	0.127575	0.163373	0.102404	0.163094	0.162779	0.139241	0.029354
eod	0.026421	0.046352	0.085059	0.082184	0.074823	0.073383	0.091928	0.105981	0.092997	0.048215	0.097977	0.072928	0.121728	0.084789	0.096780	0.035080	0.094196	0.037179	0.116341	0.115243	0.137723	0.137144	0.093392	0.096694	0.072557	0.130330	0.077967	0.113452	0.102658	0.097240	0.110288	0.083803	0.122285	0.137348	0.083918	0.077259	0.087876	0.085509	0.069448	0.111755	0.150810	0.118382	0.127257	0.054223	0.141557	0.122029	0.111584	0.093289	0.107482	0.101224	0.095121	0.028229
accuracy	0.655321	0.683955	0.667747	0.668828	0.664506	0.661264	0.661264	0.666126	0.681794	0.670448	0.690978	0.677472	0.671529	0.687736	0.679092	0.674770	0.663425	0.676931	0.670989	0.675851	0.667207	0.659643	0.676931	0.667207	0.661804	0.667747	0.640735	0.678012	0.679092	0.672609	0.661804	0.680173	0.668828	0.673150	0.672609	0.660724	0.643976	0.660184	0.667747	0.676391	0.665586	0.668828	0.665586	0.678552	0.666126	0.685575	0.673150	0.667747	0.670448	0.663425	0.669833	0.009565
recall	0.649066	0.677411	0.657390	0.659732	0.655749	0.654775	0.651009	0.655406	0.673257	0.664067	0.681347	0.667769	0.663415	0.678897	0.668615	0.666205	0.654883	0.668736	0.664087	0.669126	0.656878	0.649838	0.666862	0.656752	0.650517	0.658796	0.632832	0.669915	0.670207	0.664932	0.654220	0.669937	0.659571	0.664782	0.661663	0.651603	0.634653	0.649288	0.660022	0.665320	0.658397	0.658434	0.657494	0.672045	0.661328	0.677497	0.663233	0.661963	0.661733	0.653550	0.661104	0.009667
precision	0.656292	0.688296	0.664854	0.669162	0.664935	0.659892	0.661470	0.658814	0.681679	0.666816	0.689668	0.677818	0.668180	0.684143	0.677230	0.675709	0.663051	0.674429	0.673672	0.675916	0.660837	0.655549	0.673102	0.662819	0.657200	0.665689	0.636818	0.677054	0.676585	0.669054	0.657619	0.684165	0.665957	0.676177	0.671785	0.659338	0.639146	0.654250	0.673672	0.671060	0.665368	0.664361	0.662801	0.677781	0.665753	0.684828	0.669212	0.666952	0.670731	0.660920	0.668172	0.010654
f1score	0.648220	0.676445	0.658031	0.659523	0.655331	0.654970	0.650421	0.656427	0.673673	0.664766	0.682353	0.667915	0.664225	0.680044	0.669396	0.666057	0.654714	0.669531	0.663171	0.669275	0.657919	0.650524	0.667915	0.657667	0.651318	0.659268	0.633159	0.670416	0.671074	0.665759	0.654944	0.669073	0.660257	0.663842	0.661929	0.651634	0.635144	0.650247	0.657643	0.666549	0.658316	0.659397	0.658094	0.672482	0.661386	0.678158	0.664211	0.662162	0.661619	0.653968	0.661411	0.009730
mcc	0.305273	0.365546	0.322158	0.328759	0.320552	0.314625	0.312305	0.314201	0.354835	0.330872	0.370921	0.345440	0.331561	0.363003	0.345737	0.341781	0.317829	0.343118	0.337623	0.344976	0.317691	0.305333	0.339907	0.319513	0.307644	0.324412	0.269620	0.346895	0.346734	0.333961	0.311820	0.353816	0.325466	0.340768	0.333295	0.310845	0.273762	0.303498	0.333414	0.336331	0.323689	0.322740	0.320251	0.349779	0.327051	0.362251	0.332391	0.328877	0.332343	0.314384	0.329192	0.020171
spd	0.212243	0.217722	0.269024	0.264428	0.213635	0.292647	0.258884	0.299226	0.304468	0.233469	0.295358	0.271332	0.301036	0.261815	0.282559	0.267637	0.239424	0.238205	0.298581	0.295463	0.298879	0.289561	0.289380	0.251732	0.263634	0.310263	0.267368	0.263292	0.319907	0.279286	0.236699	0.247651	0.302051	0.282969	0.282872	0.244200	0.274550	0.269997	0.259874	0.322654	0.304169	0.276937	0.292371	0.276109	0.302699	0.285253	0.315213	0.279063	0.291003	0.302413	0.275984	0.026896
aod	0.190666	0.170268	0.251924	0.238683	0.171261	0.265461	0.230134	0.279764	0.282323	0.204810	0.266206	0.233914	0.279443	0.236848	0.260906	0.253694	0.212047	0.206517	0.265621	0.274821	0.280497	0.258178	0.267350	0.218939	0.247287	0.280554	0.248716	0.224712	0.297265	0.247669	0.199464	0.216595	0.284226	0.245530	0.269676	0.212179	0.262955	0.244274	0.247359	0.318106	0.281239	0.244579	0.277833	0.255754	0.268343	0.255241	0.299408	0.237121	0.278677	0.296039	0.250821	0.032250
eod	0.113328	0.138854	0.172904	0.165496	0.156025	0.216982	0.179276	0.226839	0.176658	0.152154	0.210493	0.199995	0.206378	0.173920	0.180502	0.145499	0.195551	0.152564	0.218479	0.195504	0.254372	0.231440	0.188668	0.184986	0.175266	0.242547	0.206403	0.211330	0.229712	0.216705	0.202843	0.163158	0.235050	0.200273	0.164753	0.173970	0.204731	0.192336	0.138682	0.231079	0.255570	0.226835	0.225316	0.185209	0.259804	0.216391	0.226323	0.212564	0.206359	0.203191	0.196865	0.032401
