accuracy	0.837178	0.844770	0.839390	0.844033	0.845065	0.847424	0.845950	0.844844	0.843960	0.843149	0.844476	0.843886	0.844992	0.840495	0.843591	0.846318	0.846982	0.846687	0.846982	0.844992	0.846392	0.841896	0.841527	0.841822	0.841969	0.845360	0.847203	0.845950	0.848824	0.843444	0.850151	0.844770	0.844697	0.844770	0.845950	0.842559	0.843001	0.845139	0.843591	0.846466	0.846171	0.841306	0.848161	0.846023	0.846761	0.845655	0.849561	0.842412	0.844033	0.842633	0.844667	0.002477
recall	0.735820	0.746463	0.737092	0.745199	0.747683	0.747848	0.744542	0.742872	0.741264	0.737618	0.742561	0.744173	0.744603	0.738665	0.741090	0.742441	0.745895	0.743616	0.745368	0.744314	0.742663	0.737341	0.737421	0.736603	0.743258	0.744486	0.745945	0.746529	0.749219	0.744076	0.746505	0.743450	0.737212	0.745221	0.746862	0.736246	0.736401	0.749969	0.742792	0.743751	0.747284	0.738575	0.746960	0.745696	0.749345	0.743363	0.747393	0.738405	0.741906	0.741056	0.743101	0.003857
precision	0.803466	0.811365	0.809791	0.809510	0.808526	0.814411	0.813448	0.816857	0.808674	0.809378	0.815968	0.811792	0.815635	0.805057	0.811206	0.816566	0.815350	0.817427	0.815294	0.810720	0.815514	0.809516	0.805440	0.805978	0.809497	0.817540	0.811723	0.812769	0.818130	0.813341	0.820496	0.808171	0.812611	0.806862	0.809455	0.815375	0.812439	0.814345	0.807511	0.815037	0.812531	0.807696	0.815728	0.812769	0.808913	0.810243	0.822328	0.813070	0.814578	0.815474	0.812310	0.004017
f1score	0.759214	0.769783	0.761714	0.768343	0.770048	0.771773	0.768922	0.768238	0.765186	0.762466	0.767776	0.768066	0.769332	0.762073	0.765563	0.768019	0.770470	0.769142	0.770059	0.768047	0.767980	0.762142	0.761311	0.760830	0.766675	0.769678	0.769711	0.770267	0.773782	0.768277	0.772388	0.766795	0.762984	0.767804	0.769744	0.762498	0.762119	0.773114	0.766040	0.768719	0.770799	0.762652	0.771479	0.769649	0.771505	0.767288	0.773383	0.763736	0.766938	0.766292	0.767416	0.003610
mcc	0.535026	0.554040	0.542029	0.550969	0.552871	0.558304	0.553720	0.554818	0.545791	0.542269	0.553684	0.551838	0.555716	0.539653	0.547828	0.554071	0.556931	0.556167	0.556284	0.551047	0.553403	0.542072	0.538583	0.538127	0.548772	0.557257	0.553774	0.555362	0.563148	0.553098	0.562153	0.547810	0.544628	0.548631	0.552784	0.545917	0.543547	0.560630	0.546484	0.554222	0.556000	0.541880	0.558470	0.554422	0.555071	0.549551	0.564772	0.546397	0.551719	0.551531	0.551065	0.006660
spd	0.066786	0.049419	0.065160	0.065052	0.058912	0.067293	0.065577	0.055166	0.054020	0.058160	0.066514	0.065775	0.052802	0.070541	0.064800	0.056031	0.065954	0.060040	0.066415	0.073967	0.057409	0.046040	0.059470	0.056066	0.053894	0.066406	0.062399	0.066358	0.070761	0.063652	0.054154	0.068017	0.072207	0.080839	0.060854	0.062927	0.064527	0.058915	0.065442	0.061030	0.068255	0.049194	0.058544	0.067901	0.067970	0.073182	0.069935	0.062860	0.073977	0.068407	0.063200	0.007028
aod	0.012421	0.036834	0.018798	0.018224	0.046156	0.020397	0.021977	0.012604	0.023674	0.012572	0.022060	0.006337	0.016082	0.027964	0.011120	0.008689	0.010197	0.008085	0.013737	0.037409	0.011719	0.029440	0.009466	0.031437	0.029569	0.012808	0.008937	0.014376	0.016220	0.010527	0.014152	0.022389	0.043320	0.030846	0.014654	0.016357	0.031506	0.016032	0.012069	0.008067	0.021519	0.034167	0.019269	0.017317	0.011805	0.016204	0.025677	0.007852	0.012446	0.010424	0.018918	0.009668
eod	0.005720	0.062801	0.023924	0.013664	0.077041	0.025708	0.028674	0.014570	0.032854	0.015659	0.018583	0.000829	0.023241	0.031507	0.004449	0.002246	0.003132	0.002897	0.011268	0.050629	0.010428	0.045050	0.009209	0.046301	0.047511	0.008464	0.002665	0.011809	0.011285	0.002018	0.023457	0.026347	0.065003	0.037408	0.019937	0.013564	0.043615	0.020778	0.013569	0.010494	0.027754	0.059676	0.030185	0.023325	0.003783	0.011100	0.031951	0.002443	0.003384	0.000804	0.022254	0.018738
accuracy	0.841232	0.848308	0.842043	0.845213	0.848530	0.850372	0.850520	0.847792	0.847719	0.849709	0.846834	0.846613	0.849193	0.843296	0.848014	0.849635	0.850667	0.850593	0.850667	0.846023	0.849561	0.844844	0.843223	0.844623	0.845139	0.849561	0.849561	0.850741	0.852878	0.845655	0.850667	0.846613	0.846687	0.847940	0.848677	0.848235	0.845802	0.847424	0.850225	0.848382	0.847940	0.845434	0.850151	0.849488	0.850004	0.848087	0.850446	0.846687	0.848161	0.845213	0.847820	0.002483
recall	0.759028	0.768339	0.759620	0.763799	0.770003	0.767437	0.770582	0.763623	0.765253	0.764658	0.762438	0.764608	0.768558	0.761001	0.764056	0.765298	0.768726	0.766386	0.770864	0.763209	0.764121	0.759914	0.760283	0.758465	0.764456	0.767580	0.768344	0.769416	0.773568	0.766628	0.765951	0.765581	0.758634	0.767934	0.769009	0.761912	0.759776	0.772361	0.769997	0.762345	0.767190	0.761754	0.766549	0.767887	0.772658	0.764392	0.767075	0.761272	0.764891	0.760381	0.765356	0.003858
precision	0.799167	0.806576	0.801565	0.801411	0.804166	0.809263	0.808398	0.809786	0.803523	0.808434	0.808162	0.805551	0.810094	0.798789	0.807355	0.809454	0.809747	0.811654	0.808308	0.801914	0.809124	0.802427	0.796517	0.799738	0.804043	0.812050	0.804346	0.810114	0.812386	0.804431	0.808697	0.800165	0.803568	0.801882	0.803446	0.811402	0.803932	0.806185	0.807420	0.807515	0.804819	0.803387	0.808150	0.807466	0.803920	0.803613	0.810779	0.808116	0.809335	0.808231	0.806010	0.003798
f1score	0.775251	0.784141	0.776424	0.779332	0.784431	0.784497	0.786307	0.781930	0.781086	0.782336	0.780582	0.781253	0.785449	0.776548	0.781509	0.783078	0.785525	0.784537	0.786469	0.779138	0.782175	0.777031	0.775330	0.775211	0.780607	0.785408	0.783456	0.786104	0.789679	0.782199	0.783338	0.780138	0.776602	0.782292	0.783548	0.781238	0.777444	0.786602	0.785589	0.780415	0.782795	0.778602	0.783542	0.784183	0.786088	0.780561	0.784729	0.779757	0.782684	0.779078	0.781925	0.003387
mcc	0.556751	0.573642	0.559616	0.563957	0.573152	0.575180	0.577744	0.571548	0.567487	0.571417	0.568766	0.568687	0.577159	0.558513	0.569768	0.573053	0.577016	0.576266	0.577961	0.563796	0.571476	0.560732	0.555619	0.556675	0.567119	0.577921	0.571557	0.578099	0.584667	0.569806	0.573056	0.564688	0.560404	0.568804	0.571418	0.571174	0.561976	0.577557	0.576203	0.568067	0.570770	0.563605	0.573192	0.573990	0.575730	0.566649	0.576199	0.567458	0.572504	0.566595	0.569904	0.006520
spd	0.099505	0.085205	0.097374	0.094873	0.090792	0.097535	0.097534	0.090773	0.089645	0.090248	0.097542	0.098609	0.088612	0.105057	0.098398	0.090534	0.097073	0.095629	0.106238	0.107494	0.091556	0.084217	0.095082	0.088456	0.089330	0.103304	0.093813	0.097609	0.106104	0.101346	0.086802	0.104102	0.103636	0.111699	0.098096	0.097576	0.098658	0.095743	0.097666	0.093795	0.098878	0.084011	0.093212	0.097174	0.103324	0.102944	0.104708	0.095896	0.105138	0.097404	0.096799	0.006333
aod	0.051908	0.027277	0.060087	0.042119	0.026047	0.062138	0.062286	0.050090	0.038838	0.056818	0.048100	0.048555	0.044914	0.075699	0.054645	0.051607	0.051048	0.056066	0.075218	0.084658	0.051569	0.037171	0.044111	0.025023	0.032927	0.063067	0.049496	0.044200	0.065723	0.061767	0.034258	0.071563	0.085940	0.074870	0.066846	0.065668	0.073559	0.043601	0.056102	0.055759	0.063449	0.020781	0.039175	0.054947	0.056953	0.053575	0.074882	0.050155	0.054778	0.047900	0.053759	0.014847
eod	0.065661	0.023400	0.086099	0.041089	0.016230	0.090576	0.089253	0.068842	0.040847	0.086274	0.052721	0.063848	0.060883	0.105974	0.072143	0.065696	0.067077	0.077847	0.112824	0.124269	0.070598	0.036650	0.053961	0.011364	0.033344	0.086176	0.064799	0.052423	0.089401	0.081914	0.042123	0.101652	0.130648	0.107839	0.101012	0.092965	0.104248	0.052031	0.083649	0.085981	0.092685	0.011007	0.048586	0.080318	0.072298	0.066190	0.108852	0.067057	0.069771	0.057663	0.071375	0.027717
