accuracy	0.736667	0.753333	0.713333	0.746667	0.736667	0.756667	0.723333	0.786667	0.740000	0.773333	0.763333	0.706667	0.733333	0.740000	0.730000	0.756667	0.763333	0.733333	0.756667	0.753333	0.696667	0.773333	0.796667	0.733333	0.706667	0.753333	0.750000	0.736667	0.756667	0.750000	0.713333	0.743333	0.783333	0.783333	0.753333	0.760000	0.760000	0.750000	0.736667	0.753333	0.743333	0.770000	0.773333	0.726667	0.756667	0.743333	0.730000	0.743333	0.760000	0.723333	0.747267	0.021131
recall	0.665888	0.639318	0.629730	0.652531	0.651998	0.653782	0.629516	0.670257	0.646032	0.661446	0.674394	0.614063	0.636492	0.628329	0.652574	0.657818	0.662625	0.650084	0.683211	0.664295	0.629340	0.663591	0.709031	0.646767	0.606605	0.649506	0.647317	0.631079	0.678375	0.683017	0.629521	0.651220	0.664021	0.714377	0.700061	0.666704	0.650801	0.629960	0.658556	0.649525	0.648411	0.674842	0.672906	0.617460	0.641655	0.642481	0.626440	0.662308	0.650945	0.639629	0.653217	0.022250
precision	0.674867	0.698821	0.672895	0.682488	0.702833	0.688559	0.717262	0.749329	0.687043	0.717254	0.751317	0.660872	0.709522	0.653680	0.687465	0.724119	0.737721	0.682049	0.725108	0.692332	0.671802	0.738720	0.745498	0.688162	0.641667	0.700022	0.670286	0.687669	0.762508	0.718635	0.669756	0.709818	0.750273	0.759317	0.715939	0.696563	0.713467	0.685684	0.727301	0.726671	0.669944	0.725000	0.751203	0.667118	0.710000	0.710755	0.659613	0.711600	0.709124	0.670385	0.703601	0.029823
f1score	0.669801	0.651797	0.636394	0.662222	0.662003	0.664887	0.632738	0.689200	0.656367	0.676724	0.688556	0.618850	0.644444	0.636646	0.661442	0.671127	0.677150	0.659091	0.694880	0.673990	0.632941	0.680030	0.722622	0.656338	0.612312	0.661915	0.655705	0.640773	0.690148	0.693289	0.636394	0.662236	0.682612	0.728318	0.706349	0.677111	0.664596	0.641577	0.667280	0.661915	0.656245	0.689147	0.689327	0.625365	0.654743	0.653106	0.635086	0.673170	0.664596	0.647703	0.663825	0.024230
mcc	0.340636	0.332862	0.299531	0.333676	0.351171	0.340569	0.335492	0.412068	0.330540	0.374565	0.418704	0.270922	0.338220	0.280867	0.338243	0.376138	0.393240	0.330591	0.406164	0.355524	0.298134	0.395233	0.453064	0.332361	0.245784	0.345858	0.316771	0.313685	0.432781	0.400069	0.296561	0.356250	0.405217	0.471558	0.415697	0.362037	0.358838	0.310687	0.379684	0.368201	0.317626	0.396684	0.416819	0.280213	0.344949	0.346575	0.284123	0.370644	0.355338	0.308485	0.352793	0.048073
spd	0.023744	0.012007	0.026998	0.080455	0.090701	0.075707	0.049862	0.034747	0.007261	0.138399	0.081464	0.100000	0.084982	0.095627	0.013094	0.037227	0.062052	0.132078	0.044523	0.024247	0.085000	0.048885	0.126175	0.031812	0.098495	0.113265	0.069240	0.026348	0.174871	0.029287	0.049244	0.092550	0.040552	0.078496	0.012698	0.011619	0.083557	0.005644	0.007953	0.108759	0.049521	0.075000	0.008791	0.063582	0.083052	0.177956	0.057270	0.014227	0.082976	0.045157	0.063343	0.042367
aod	0.035911	0.015629	0.047184	0.041750	0.071959	0.083617	0.022571	0.014998	0.046413	0.083498	0.036151	0.104461	0.133621	0.100791	0.038233	0.073545	0.015742	0.138972	0.015157	0.053312	0.056851	0.028076	0.099417	0.088090	0.096025	0.067669	0.041191	0.026151	0.152141	0.040284	0.023963	0.074858	0.030385	0.098530	0.043750	0.048662	0.083482	0.043190	0.046230	0.096383	0.081782	0.057641	0.062432	0.059794	0.033367	0.195654	0.030903	0.023222	0.089133	0.108060	0.064017	0.038555
eod	0.001446	0.009091	0.005184	0.067627	0.134783	0.027350	0.011973	0.001425	0.018939	0.150917	0.007937	0.054801	0.016023	0.058824	0.043133	0.051351	0.027976	0.011278	0.000625	0.044496	0.064327	0.023410	0.032168	0.024986	0.025641	0.063443	0.047436	0.020160	0.080680	0.011270	0.019569	0.100998	0.039328	0.001128	0.009768	0.031287	0.051174	0.012910	0.048088	0.036334	0.083893	0.087213	0.018079	0.036255	0.055370	0.094372	0.047917	0.006541	0.052716	0.107823	0.041589	0.034500
accuracy	0.760000	0.760000	0.713333	0.746667	0.726667	0.770000	0.706667	0.790000	0.736667	0.763333	0.756667	0.710000	0.753333	0.750000	0.723333	0.753333	0.750000	0.743333	0.726667	0.746667	0.693333	0.770000	0.786667	0.740000	0.713333	0.743333	0.730000	0.756667	0.736667	0.743333	0.726667	0.753333	0.770000	0.793333	0.736667	0.750000	0.756667	0.750000	0.743333	0.753333	0.750000	0.760000	0.753333	0.746667	0.743333	0.740000	0.743333	0.736667	0.763333	0.723333	0.745867	0.020028
recall	0.678765	0.630080	0.609227	0.631190	0.623077	0.655348	0.593662	0.653961	0.637302	0.631741	0.656010	0.611285	0.648717	0.626983	0.628370	0.637228	0.625732	0.648202	0.633578	0.641860	0.620660	0.651044	0.682733	0.637162	0.602320	0.622066	0.613409	0.639229	0.649529	0.664932	0.626288	0.655712	0.643849	0.710398	0.671262	0.641191	0.631455	0.608135	0.654631	0.640642	0.637783	0.654201	0.627530	0.628571	0.608467	0.625594	0.628831	0.643924	0.639372	0.630746	0.637880	0.021083
precision	0.704348	0.720930	0.682785	0.683141	0.697049	0.712130	0.715696	0.778526	0.682502	0.705229	0.753968	0.668284	0.761364	0.666893	0.681503	0.733132	0.736369	0.699451	0.686378	0.682326	0.669558	0.739558	0.734026	0.705955	0.651830	0.687004	0.637500	0.735085	0.740019	0.713748	0.700000	0.731648	0.727451	0.788171	0.695329	0.681177	0.716264	0.692750	0.756281	0.735948	0.677821	0.712059	0.738285	0.707977	0.693269	0.715909	0.681117	0.707406	0.723529	0.670575	0.708385	0.031159
f1score	0.688150	0.642479	0.610766	0.642387	0.628870	0.670251	0.581643	0.673907	0.647316	0.645420	0.668056	0.615039	0.658651	0.637745	0.635917	0.648200	0.633783	0.659287	0.641838	0.652778	0.622435	0.666726	0.698852	0.646974	0.607091	0.632019	0.620781	0.651135	0.656397	0.675703	0.632265	0.668142	0.659310	0.729195	0.679170	0.652343	0.643549	0.616506	0.662236	0.651797	0.648871	0.667876	0.636661	0.638692	0.615455	0.632976	0.639507	0.653463	0.653315	0.639000	0.647618	0.024515
mcc	0.382258	0.339050	0.282595	0.310008	0.311461	0.363065	0.284272	0.414160	0.316593	0.328859	0.398104	0.273697	0.394305	0.291153	0.305284	0.357728	0.344784	0.343856	0.315570	0.321651	0.286069	0.380441	0.413591	0.336150	0.249281	0.302171	0.249749	0.361833	0.378892	0.375521	0.317853	0.379844	0.361766	0.492465	0.365801	0.319879	0.337219	0.288742	0.398141	0.364330	0.313054	0.361662	0.348646	0.327047	0.289574	0.329344	0.305505	0.345547	0.353008	0.298677	0.338205	0.045550
spd	0.069662	0.059177	0.032856	0.097527	0.078564	0.068064	0.039339	0.102326	0.008046	0.183175	0.108939	0.110000	0.111355	0.130110	0.045443	0.001027	0.078570	0.159367	0.019022	0.029891	0.125000	0.072470	0.116573	0.026441	0.119289	0.076042	0.104167	0.060049	0.202394	0.067564	0.085710	0.116247	0.081522	0.131894	0.109524	0.091736	0.096261	0.031982	0.056497	0.106899	0.079617	0.100000	0.041166	0.117472	0.093934	0.178847	0.110954	0.014227	0.141509	0.089568	0.087560	0.044457
aod	0.052118	0.062323	0.034630	0.064442	0.061897	0.057781	0.032884	0.106151	0.023710	0.140101	0.084377	0.109506	0.140830	0.137131	0.027042	0.027080	0.048000	0.161967	0.038711	0.053129	0.106655	0.029926	0.086466	0.074451	0.124654	0.039672	0.069670	0.038957	0.188081	0.022720	0.061705	0.108709	0.091684	0.141623	0.168836	0.103383	0.104158	0.000497	0.087844	0.098129	0.053316	0.081426	0.037817	0.116307	0.056608	0.185514	0.066667	0.051945	0.166364	0.069773	0.081947	0.046010
eod	0.055137	0.024892	0.050760	0.086935	0.103122	0.044646	0.007619	0.038925	0.011995	0.192384	0.006349	0.076540	0.014047	0.091503	0.015196	0.017568	0.033845	0.050752	0.007247	0.025016	0.079142	0.035989	0.045155	0.074632	0.032051	0.031958	0.106410	0.027913	0.108668	0.031404	0.056507	0.104597	0.054712	0.070945	0.020445	0.046388	0.055684	0.000993	0.029660	0.032516	0.098390	0.115485	0.021130	0.082613	0.073443	0.122944	0.110185	0.001006	0.085396	0.128231	0.056781	0.040474
