accuracy	0.863550	0.864182	0.860181	0.856812	0.858286	0.861234	0.865656	0.855338	0.861445	0.859128	0.863971	0.862076	0.859760	0.857865	0.867762	0.862287	0.857444	0.866288	0.863971	0.858497	0.855127	0.856601	0.864393	0.855970	0.851548	0.859128	0.860602	0.865445	0.859760	0.862497	0.861234	0.862708	0.873658	0.868393	0.858075	0.854075	0.860392	0.859971	0.859760	0.857865	0.855549	0.865445	0.857444	0.858497	0.863971	0.868604	0.858918	0.863761	0.858075	0.862497	0.860914	0.004185
recall	0.652839	0.660444	0.653869	0.643950	0.650234	0.650338	0.659831	0.647030	0.657250	0.651122	0.655649	0.660467	0.658857	0.645266	0.663147	0.647519	0.655816	0.658389	0.650764	0.660309	0.637940	0.660033	0.663411	0.650512	0.642177	0.657121	0.649386	0.663332	0.652807	0.653818	0.650534	0.650479	0.674220	0.669109	0.657610	0.650278	0.653163	0.649578	0.661679	0.647569	0.654216	0.654863	0.650081	0.656604	0.651218	0.663977	0.648728	0.652266	0.657343	0.660002	0.654543	0.006742
precision	0.783650	0.797247	0.778423	0.785738	0.765354	0.779658	0.783274	0.765832	0.808881	0.772989	0.786952	0.792008	0.780827	0.787528	0.787033	0.791809	0.789473	0.789372	0.781513	0.775714	0.753443	0.771789	0.779831	0.785158	0.767255	0.785938	0.773946	0.785741	0.775960	0.784991	0.795814	0.788873	0.803538	0.788773	0.786754	0.785547	0.782658	0.774407	0.808336	0.772513	0.790308	0.780415	0.774307	0.780845	0.770012	0.779078	0.785072	0.795605	0.781687	0.788926	0.783216	0.010401
f1score	0.686927	0.696060	0.686887	0.677073	0.681525	0.683676	0.693977	0.678071	0.693576	0.683418	0.690139	0.695183	0.691971	0.678764	0.697904	0.682181	0.689633	0.693431	0.684683	0.692547	0.667602	0.691533	0.696743	0.683646	0.672816	0.690795	0.682008	0.697614	0.685502	0.687902	0.685484	0.684995	0.711374	0.703821	0.691216	0.683152	0.686699	0.682167	0.697726	0.679674	0.687818	0.688787	0.682315	0.689620	0.683752	0.697644	0.682272	0.687637	0.690382	0.694429	0.688095	0.007688
mcc	0.416427	0.436767	0.413960	0.405620	0.399326	0.410090	0.425563	0.395401	0.440780	0.406225	0.422676	0.432933	0.422428	0.408744	0.432799	0.414957	0.424756	0.428174	0.412030	0.420473	0.373952	0.417110	0.427679	0.414341	0.389859	0.423919	0.404592	0.432067	0.410701	0.418745	0.422043	0.416986	0.459923	0.441968	0.425184	0.414302	0.416138	0.405193	0.446549	0.401071	0.423179	0.416777	0.405799	0.419435	0.404132	0.427843	0.411817	0.424314	0.421054	0.430017	0.418336	0.014571
spd	0.044943	0.052018	0.038471	0.050788	0.055726	0.060754	0.039980	0.055481	0.054823	0.054889	0.051487	0.062351	0.047329	0.055099	0.048103	0.050760	0.047876	0.045487	0.036301	0.047047	0.063798	0.056098	0.049780	0.044102	0.057579	0.069875	0.053403	0.065930	0.064685	0.057209	0.040013	0.052700	0.058983	0.053148	0.072791	0.049903	0.048137	0.049946	0.053749	0.036286	0.057065	0.048439	0.048985	0.060377	0.057215	0.063733	0.048879	0.058732	0.063189	0.054242	0.053174	0.008051
aod	0.021268	0.007516	0.028723	0.013630	0.030288	0.035538	0.039294	0.023449	0.023702	0.025716	0.023921	0.024976	0.005674	0.020948	0.013820	0.013571	0.013380	0.006663	0.023751	0.031192	0.036607	0.012624	0.013540	0.003934	0.021443	0.054415	0.016893	0.019912	0.034786	0.024608	0.020596	0.012866	0.018974	0.014745	0.037857	0.018738	0.007913	0.017712	0.012299	0.030864	0.009077	0.035461	0.008583	0.011010	0.018094	0.017257	0.016644	0.018976	0.036813	0.012896	0.020863	0.010414
eod	0.039330	0.002750	0.047185	0.011263	0.041522	0.054528	0.066215	0.028814	0.043471	0.038662	0.039428	0.029379	0.004397	0.025016	0.010695	0.009449	0.018082	0.003411	0.039864	0.043082	0.051526	0.005788	0.016365	0.001757	0.027725	0.094991	0.013409	0.019504	0.045800	0.032675	0.032717	0.002103	0.032245	0.012113	0.049355	0.019332	0.004882	0.017390	0.011806	0.050642	0.002221	0.050618	0.004037	0.000106	0.019545	0.009705	0.022272	0.015028	0.058943	0.007437	0.026572	0.020416
accuracy	0.861023	0.865445	0.858918	0.855759	0.856601	0.854917	0.863129	0.851969	0.855970	0.857444	0.864814	0.856812	0.857654	0.855127	0.862919	0.857654	0.858286	0.856812	0.862919	0.852179	0.851337	0.857654	0.861234	0.853443	0.852811	0.855127	0.855759	0.860181	0.858075	0.856812	0.858075	0.855970	0.870288	0.865445	0.849653	0.846915	0.854917	0.855127	0.859128	0.855970	0.852179	0.860602	0.857654	0.861023	0.860392	0.863761	0.857023	0.861866	0.854496	0.863971	0.857865	0.004448
recall	0.668937	0.683957	0.663895	0.663697	0.670188	0.665944	0.676645	0.663450	0.668684	0.671330	0.682113	0.669248	0.676821	0.661709	0.679242	0.664438	0.678975	0.675503	0.666452	0.673266	0.658427	0.683463	0.679130	0.667086	0.668729	0.672681	0.667045	0.675721	0.672946	0.668717	0.660148	0.663753	0.696968	0.690762	0.671622	0.660014	0.668859	0.663583	0.676097	0.658685	0.669394	0.667959	0.673443	0.683381	0.671077	0.686439	0.667782	0.668342	0.672185	0.680770	0.671794	0.008245
precision	0.763787	0.784991	0.767122	0.767037	0.751052	0.747886	0.764407	0.746477	0.774351	0.756747	0.773929	0.764939	0.763111	0.764054	0.760352	0.760600	0.776474	0.746291	0.767481	0.748156	0.733879	0.764268	0.760646	0.763876	0.758020	0.761210	0.747847	0.759344	0.759222	0.754586	0.773483	0.753470	0.776536	0.766889	0.748573	0.751220	0.753248	0.749233	0.791681	0.758632	0.765961	0.754907	0.762516	0.774443	0.748916	0.753281	0.764799	0.774911	0.759806	0.780804	0.761509	0.011058
f1score	0.698846	0.716176	0.694692	0.694166	0.697130	0.692779	0.705770	0.690140	0.699852	0.699297	0.712430	0.698934	0.705225	0.691826	0.707060	0.694000	0.709622	0.700469	0.697461	0.698781	0.683350	0.710998	0.706915	0.696504	0.696905	0.701116	0.693768	0.703734	0.701207	0.696595	0.692046	0.692009	0.725507	0.717990	0.697328	0.687479	0.696311	0.691019	0.709552	0.688313	0.698781	0.696305	0.702231	0.713280	0.697680	0.711132	0.697629	0.700270	0.700373	0.712511	0.700470	0.008429
mcc	0.422201	0.457935	0.418473	0.418154	0.413406	0.405636	0.432233	0.401430	0.430250	0.419468	0.446704	0.423511	0.431387	0.413279	0.432046	0.414017	0.444891	0.415812	0.422009	0.414715	0.384982	0.440379	0.432155	0.419952	0.417303	0.424764	0.406947	0.426953	0.423468	0.414502	0.418559	0.407463	0.466771	0.451275	0.413089	0.400992	0.413586	0.403833	0.453273	0.405172	0.424510	0.413830	0.426762	0.448676	0.412716	0.434611	0.421562	0.430252	0.423011	0.450604	0.423790	0.016138
spd	0.088871	0.095424	0.075994	0.095349	0.096643	0.101637	0.070970	0.096688	0.101357	0.089460	0.095929	0.100463	0.091741	0.091282	0.083204	0.085378	0.089986	0.099959	0.073979	0.095317	0.099720	0.096578	0.094213	0.076706	0.109060	0.112960	0.100799	0.102995	0.111089	0.095905	0.081978	0.104493	0.101012	0.102150	0.112677	0.089870	0.092888	0.095614	0.094337	0.076424	0.090946	0.090247	0.089181	0.094222	0.103679	0.116562	0.078342	0.102829	0.107100	0.089642	0.094677	0.010268
aod	0.085437	0.068596	0.036591	0.059489	0.076785	0.088179	0.019951	0.075972	0.087310	0.061828	0.078625	0.071381	0.069123	0.069576	0.058090	0.068285	0.069401	0.074414	0.038753	0.064122	0.082281	0.066884	0.068475	0.044334	0.080405	0.108387	0.087400	0.072164	0.086834	0.076198	0.045094	0.081027	0.067140	0.067726	0.083819	0.049529	0.064600	0.063360	0.077151	0.049059	0.056961	0.039401	0.059105	0.054190	0.085220	0.076697	0.060902	0.081796	0.093824	0.051006	0.068058	0.016539
eod	0.140239	0.100725	0.038678	0.073316	0.102617	0.130597	0.007296	0.104790	0.138714	0.084077	0.119295	0.091324	0.104283	0.099713	0.079991	0.102052	0.105312	0.098649	0.046911	0.081378	0.119990	0.090441	0.092491	0.060877	0.109013	0.171707	0.126216	0.099662	0.113222	0.109337	0.051712	0.100594	0.098299	0.085364	0.109694	0.050488	0.088502	0.077465	0.122147	0.067341	0.079253	0.027671	0.079224	0.069206	0.125495	0.086164	0.097211	0.112848	0.142084	0.061785	0.093509	0.030395
