accuracy	0.650459	0.683414	0.663965	0.661264	0.669908	0.661804	0.656942	0.666126	0.682334	0.672069	0.690438	0.682334	0.678552	0.683955	0.683414	0.666126	0.659643	0.679633	0.669368	0.670989	0.666126	0.664506	0.676391	0.673690	0.666126	0.669368	0.635332	0.676391	0.675311	0.676931	0.663425	0.674770	0.667207	0.661264	0.662345	0.662345	0.641275	0.660184	0.661804	0.679633	0.655862	0.669908	0.662885	0.682874	0.660724	0.676931	0.669368	0.662345	0.670448	0.659103	0.668352	0.010670
recall	0.642034	0.675397	0.651060	0.650254	0.659056	0.653622	0.644717	0.653148	0.671724	0.662629	0.678266	0.670253	0.667291	0.672491	0.671107	0.655889	0.649982	0.668491	0.661213	0.662693	0.653107	0.652050	0.663831	0.660502	0.651805	0.658468	0.624835	0.665523	0.664608	0.666101	0.653661	0.662968	0.656370	0.650871	0.649375	0.651200	0.629815	0.646489	0.652586	0.665490	0.646850	0.657551	0.652477	0.674462	0.654355	0.667366	0.656467	0.654381	0.660595	0.646656	0.657443	0.010613
precision	0.654829	0.691807	0.662563	0.663422	0.673944	0.661921	0.659259	0.658818	0.684914	0.669477	0.691712	0.686598	0.677507	0.681478	0.683571	0.668712	0.660191	0.679586	0.674524	0.672728	0.660012	0.662045	0.673857	0.671132	0.663420	0.669007	0.631852	0.678439	0.673778	0.675177	0.659828	0.681341	0.665177	0.667181	0.662630	0.663076	0.636739	0.654869	0.671505	0.675728	0.657099	0.666311	0.661326	0.684469	0.661897	0.677084	0.666700	0.663579	0.672167	0.658206	0.668464	0.011722
f1score	0.639128	0.673086	0.650983	0.648852	0.657523	0.653234	0.642824	0.654397	0.671443	0.663343	0.678823	0.669482	0.667867	0.673580	0.671606	0.654680	0.649225	0.668851	0.659247	0.662113	0.654254	0.652359	0.664674	0.661229	0.652152	0.658446	0.624385	0.665091	0.665178	0.666785	0.654345	0.660850	0.656755	0.647947	0.648606	0.650410	0.629864	0.647283	0.648122	0.666745	0.645665	0.658382	0.652566	0.674436	0.653624	0.667546	0.657035	0.653606	0.659966	0.646161	0.657095	0.010943
mcc	0.296587	0.366837	0.313412	0.313400	0.332666	0.315434	0.303629	0.311915	0.356394	0.332035	0.369734	0.356476	0.344647	0.353855	0.354458	0.324348	0.310005	0.347900	0.335473	0.335271	0.313043	0.313936	0.337539	0.331464	0.315011	0.327305	0.256590	0.343720	0.338262	0.341157	0.313429	0.343819	0.321427	0.317634	0.311723	0.314052	0.266463	0.301242	0.323538	0.341064	0.303776	0.323744	0.313679	0.358792	0.316162	0.344313	0.323005	0.317827	0.332561	0.304643	0.325708	0.022135
spd	0.061591	0.060688	0.128493	0.139732	0.090357	0.085952	0.095271	0.084050	0.116474	0.068414	0.072259	0.104485	0.139550	0.090245	0.112222	0.076142	0.081939	0.097420	0.127484	0.104737	0.107911	0.081193	0.076050	0.060220	0.083345	0.097214	0.080344	0.107855	0.089302	0.077449	0.097390	0.073044	0.088795	0.077452	0.106080	0.103141	0.077820	0.064726	0.120120	0.120381	0.101409	0.108275	0.079468	0.089321	0.112044	0.128887	0.119402	0.078857	0.068902	0.080975	0.093898	0.020640
aod	0.048287	0.042577	0.098432	0.110417	0.067653	0.067033	0.069781	0.064320	0.094775	0.043725	0.069443	0.089824	0.121859	0.060917	0.087835	0.045988	0.046015	0.081246	0.106373	0.077192	0.081906	0.058733	0.045291	0.036941	0.065948	0.072498	0.060387	0.079683	0.061640	0.067724	0.084902	0.040808	0.055061	0.050982	0.082577	0.081779	0.052564	0.042431	0.115887	0.103495	0.082364	0.072526	0.059680	0.062005	0.082077	0.093157	0.103530	0.048325	0.050589	0.060508	0.070994	0.021298
eod	0.008931	0.010945	0.099742	0.077085	0.002825	0.020710	0.013873	0.004110	0.046838	0.005248	0.017239	0.027858	0.082494	0.028019	0.048019	0.013842	0.038912	0.025731	0.055707	0.045792	0.049163	0.054749	0.036383	0.008889	0.017517	0.029523	0.033211	0.038971	0.003137	0.005510	0.019497	0.024330	0.050566	0.015570	0.029568	0.026602	0.033420	0.001379	0.053160	0.057767	0.057480	0.050819	0.012399	0.014775	0.043575	0.062525	0.043310	0.009688	0.001819	0.023465	0.031654	0.022486
accuracy	0.655321	0.683955	0.667747	0.668828	0.664506	0.661264	0.661264	0.666126	0.681794	0.670448	0.690978	0.677472	0.671529	0.687736	0.679092	0.674770	0.663425	0.676931	0.670989	0.675851	0.667207	0.659643	0.676931	0.667207	0.661804	0.667747	0.640735	0.678012	0.679092	0.672609	0.661804	0.680173	0.668828	0.673150	0.672609	0.660724	0.643976	0.660184	0.667747	0.676391	0.665586	0.668828	0.665586	0.678552	0.666126	0.685575	0.673150	0.667747	0.670448	0.663425	0.669833	0.009565
recall	0.649066	0.677411	0.657390	0.659732	0.655749	0.654775	0.651009	0.655406	0.673257	0.664067	0.681347	0.667769	0.663415	0.678897	0.668615	0.666205	0.654883	0.668736	0.664087	0.669126	0.656878	0.649838	0.666862	0.656752	0.650517	0.658796	0.632832	0.669915	0.670207	0.664932	0.654220	0.669937	0.659571	0.664782	0.661663	0.651603	0.634653	0.649288	0.660022	0.665320	0.658397	0.658434	0.657494	0.672045	0.661328	0.677497	0.663233	0.661963	0.661733	0.653550	0.661104	0.009667
precision	0.656292	0.688296	0.664854	0.669162	0.664935	0.659892	0.661470	0.658814	0.681679	0.666816	0.689668	0.677818	0.668180	0.684143	0.677230	0.675709	0.663051	0.674429	0.673672	0.675916	0.660837	0.655549	0.673102	0.662819	0.657200	0.665689	0.636818	0.677054	0.676585	0.669054	0.657619	0.684165	0.665957	0.676177	0.671785	0.659338	0.639146	0.654250	0.673672	0.671060	0.665368	0.664361	0.662801	0.677781	0.665753	0.684828	0.669212	0.666952	0.670731	0.660920	0.668172	0.010654
f1score	0.648220	0.676445	0.658031	0.659523	0.655331	0.654970	0.650421	0.656427	0.673673	0.664766	0.682353	0.667915	0.664225	0.680044	0.669396	0.666057	0.654714	0.669531	0.663171	0.669275	0.657919	0.650524	0.667915	0.657667	0.651318	0.659268	0.633159	0.670416	0.671074	0.665759	0.654944	0.669073	0.660257	0.663842	0.661929	0.651634	0.635144	0.650247	0.657643	0.666549	0.658316	0.659397	0.658094	0.672482	0.661386	0.678158	0.664211	0.662162	0.661619	0.653968	0.661411	0.009730
mcc	0.305273	0.365546	0.322158	0.328759	0.320552	0.314625	0.312305	0.314201	0.354835	0.330872	0.370921	0.345440	0.331561	0.363003	0.345737	0.341781	0.317829	0.343118	0.337623	0.344976	0.317691	0.305333	0.339907	0.319513	0.307644	0.324412	0.269620	0.346895	0.346734	0.333961	0.311820	0.353816	0.325466	0.340768	0.333295	0.310845	0.273762	0.303498	0.333414	0.336331	0.323689	0.322740	0.320251	0.349779	0.327051	0.362251	0.332391	0.328877	0.332343	0.314384	0.329192	0.020171
spd	0.153142	0.163998	0.218595	0.215013	0.157763	0.193982	0.156426	0.182825	0.196660	0.189366	0.168409	0.196860	0.216434	0.173478	0.183313	0.157632	0.162815	0.182722	0.201299	0.175183	0.184597	0.175054	0.169566	0.158792	0.189299	0.177657	0.157340	0.197368	0.166623	0.177893	0.191830	0.155451	0.170247	0.158474	0.201162	0.183994	0.163125	0.144805	0.232967	0.218085	0.204539	0.184663	0.169060	0.172756	0.190637	0.211000	0.202925	0.168010	0.150718	0.170848	0.180908	0.020528
aod	0.130599	0.138513	0.192778	0.184539	0.135925	0.177101	0.130794	0.164694	0.174738	0.166771	0.147209	0.182778	0.200654	0.148117	0.160987	0.127382	0.128231	0.167419	0.178725	0.148791	0.161567	0.155943	0.140901	0.139844	0.175322	0.154771	0.136100	0.168751	0.137399	0.165526	0.181083	0.126517	0.139922	0.131050	0.180175	0.165130	0.139917	0.122387	0.229436	0.202778	0.184228	0.150205	0.150958	0.146413	0.160141	0.176974	0.187289	0.136726	0.131538	0.152735	0.158369	0.023366
eod	0.080132	0.070440	0.167157	0.150340	0.054716	0.118668	0.071324	0.099442	0.130218	0.119763	0.086010	0.121940	0.154709	0.089537	0.114616	0.086555	0.112577	0.108382	0.139972	0.104359	0.113744	0.135949	0.121428	0.095035	0.112252	0.104915	0.111209	0.130972	0.085943	0.083822	0.106749	0.083596	0.117008	0.087262	0.102138	0.097624	0.108434	0.083103	0.152884	0.151108	0.159692	0.126921	0.090526	0.100952	0.120612	0.128028	0.121860	0.098585	0.091276	0.097030	0.110030	0.024579
