accuracy	0.654241	0.670448	0.649919	0.656402	0.658023	0.665586	0.666667	0.673150	0.673690	0.661804	0.670989	0.676391	0.664506	0.678552	0.668287	0.663965	0.659103	0.675311	0.669368	0.656942	0.662345	0.659103	0.676391	0.661264	0.654781	0.669368	0.641815	0.681253	0.660184	0.670448	0.648298	0.673150	0.653160	0.651540	0.656942	0.655321	0.640735	0.656942	0.645597	0.665586	0.666126	0.654241	0.665586	0.666667	0.667207	0.679633	0.666126	0.661804	0.654781	0.662345	0.662842	0.009472
recall	0.647187	0.664581	0.639318	0.646558	0.650163	0.658046	0.657097	0.660982	0.665510	0.654043	0.659704	0.668763	0.655721	0.670141	0.657698	0.655759	0.650358	0.666423	0.662224	0.649443	0.651302	0.648429	0.666376	0.651529	0.643959	0.659374	0.631782	0.672339	0.651274	0.659882	0.640400	0.662913	0.642725	0.643445	0.644965	0.647012	0.628642	0.646132	0.636763	0.652582	0.658819	0.643721	0.655049	0.658745	0.660189	0.670135	0.652946	0.655414	0.645132	0.651510	0.653464	0.009797
precision	0.656336	0.672537	0.646004	0.656601	0.657140	0.665278	0.666570	0.666167	0.672754	0.658093	0.669595	0.674815	0.661061	0.674439	0.665755	0.663764	0.658635	0.673107	0.672383	0.656757	0.655772	0.655278	0.672512	0.656400	0.649646	0.668175	0.638568	0.681263	0.656717	0.668050	0.643667	0.676433	0.649917	0.652452	0.655692	0.653084	0.636376	0.650841	0.652013	0.660091	0.666057	0.649023	0.664335	0.666579	0.669833	0.679911	0.663363	0.661254	0.654915	0.660390	0.661128	0.010093
f1score	0.645724	0.663867	0.639614	0.645748	0.650014	0.657982	0.656919	0.662285	0.665880	0.654728	0.660052	0.669356	0.656417	0.671134	0.658264	0.655569	0.650032	0.667140	0.661107	0.649025	0.652340	0.649003	0.667420	0.652375	0.644686	0.659636	0.631615	0.672713	0.651873	0.660491	0.640995	0.661875	0.642951	0.642268	0.644521	0.647191	0.628493	0.647042	0.632378	0.653623	0.658702	0.644461	0.655150	0.658631	0.659126	0.670387	0.653377	0.655366	0.644282	0.651672	0.653510	0.010089
mcc	0.303385	0.337024	0.285244	0.302992	0.307223	0.323243	0.323528	0.327109	0.338186	0.312110	0.329151	0.343525	0.316737	0.344553	0.323354	0.319423	0.308882	0.339464	0.334453	0.306113	0.307041	0.303630	0.338832	0.307891	0.293550	0.327431	0.270265	0.353489	0.307942	0.327830	0.284048	0.339077	0.292553	0.295760	0.300465	0.300035	0.264905	0.296936	0.288374	0.312583	0.324796	0.292695	0.319250	0.325230	0.329881	0.349910	0.316138	0.316614	0.299888	0.311774	0.314490	0.019760
spd	0.168317	0.155531	0.186615	0.194908	0.157160	0.169624	0.168484	0.192588	0.244115	0.159839	0.192107	0.192949	0.205245	0.164397	0.219765	0.168362	0.135664	0.155709	0.216570	0.207367	0.195859	0.201741	0.223395	0.157520	0.162307	0.227161	0.157349	0.188900	0.227177	0.193817	0.171003	0.190666	0.205702	0.195960	0.185084	0.152598	0.190184	0.167808	0.165186	0.224180	0.231753	0.198955	0.200713	0.179496	0.204394	0.208413	0.177540	0.196875	0.201214	0.197043	0.188706	0.024113
aod	0.142865	0.113150	0.171114	0.166069	0.113940	0.138037	0.129064	0.174354	0.203487	0.120503	0.156443	0.153319	0.186578	0.132036	0.196668	0.153711	0.107387	0.115331	0.177435	0.178228	0.178850	0.178177	0.197390	0.118615	0.136605	0.194508	0.134854	0.143741	0.204894	0.164371	0.137515	0.155773	0.193146	0.160492	0.164345	0.115477	0.172506	0.133375	0.148074	0.212586	0.213747	0.163485	0.178320	0.159094	0.171046	0.181402	0.158983	0.150817	0.186902	0.177846	0.160333	0.027928
eod	0.081636	0.074949	0.100493	0.115110	0.104963	0.097879	0.105236	0.108994	0.164987	0.114627	0.142857	0.122304	0.106544	0.102047	0.130089	0.055509	0.096327	0.090598	0.153015	0.153051	0.148938	0.120743	0.129612	0.106047	0.101172	0.163470	0.105860	0.150974	0.150848	0.126462	0.137391	0.122866	0.131854	0.128419	0.100671	0.095873	0.144110	0.106761	0.085711	0.165969	0.161251	0.168258	0.165736	0.099098	0.155264	0.134476	0.102011	0.144105	0.138741	0.146979	0.123218	0.026995
accuracy	0.638033	0.640735	0.616964	0.625608	0.643976	0.642355	0.634792	0.634792	0.643436	0.626688	0.649379	0.648298	0.634792	0.635873	0.641815	0.634792	0.632631	0.641275	0.642355	0.631010	0.640194	0.630470	0.648298	0.628309	0.631010	0.647758	0.631551	0.646137	0.635873	0.640735	0.622366	0.645057	0.615883	0.637493	0.627229	0.626688	0.621826	0.629390	0.622907	0.639114	0.634252	0.631010	0.638033	0.633712	0.655321	0.650999	0.647758	0.634792	0.623987	0.622366	0.635602	0.009106
recall	0.635289	0.638747	0.614545	0.621369	0.642161	0.640599	0.632515	0.634010	0.640021	0.624568	0.644461	0.645854	0.631980	0.634798	0.639059	0.631771	0.629797	0.639320	0.639689	0.629156	0.637714	0.626208	0.645203	0.626294	0.629520	0.644021	0.628304	0.643367	0.635299	0.638188	0.622979	0.641119	0.614411	0.634854	0.622850	0.624363	0.619492	0.627031	0.619010	0.636898	0.633564	0.628284	0.634232	0.631176	0.653379	0.647013	0.643230	0.633492	0.621622	0.620436	0.633065	0.008873
precision	0.636329	0.639285	0.613921	0.622436	0.641957	0.640424	0.632329	0.631811	0.640542	0.623915	0.645434	0.645720	0.631560	0.633499	0.638587	0.632226	0.630040	0.638679	0.640648	0.629096	0.636202	0.626266	0.644543	0.625232	0.628266	0.644462	0.628304	0.643448	0.634174	0.637622	0.621692	0.642395	0.613605	0.635409	0.623360	0.624122	0.618770	0.625765	0.621290	0.635461	0.633028	0.627409	0.634584	0.631363	0.653811	0.647934	0.643370	0.633235	0.621580	0.619789	0.632899	0.009053
f1score	0.635477	0.638898	0.614080	0.621621	0.642044	0.640499	0.632410	0.631648	0.640220	0.624086	0.644807	0.645782	0.631722	0.633561	0.638768	0.631938	0.629900	0.638872	0.639895	0.629124	0.636484	0.626236	0.644788	0.625404	0.628371	0.644204	0.628304	0.643406	0.634150	0.637822	0.621076	0.641436	0.613673	0.635032	0.623045	0.624221	0.618943	0.625969	0.618848	0.635707	0.633093	0.627644	0.634381	0.631258	0.653533	0.647323	0.643297	0.633327	0.621600	0.619937	0.632757	0.009042
mcc	0.271616	0.278032	0.228465	0.243802	0.284118	0.281023	0.264844	0.265811	0.280563	0.248482	0.289893	0.291574	0.263540	0.268294	0.277646	0.263996	0.259837	0.277998	0.280335	0.258252	0.273912	0.252474	0.289745	0.251523	0.257783	0.288482	0.256607	0.286815	0.269470	0.275810	0.244667	0.283511	0.228015	0.270262	0.246210	0.248486	0.238260	0.252792	0.240289	0.272355	0.266591	0.255692	0.268817	0.262539	0.307190	0.294946	0.286600	0.266727	0.243202	0.240224	0.265962	0.017907
spd	0.284435	0.233094	0.248777	0.222850	0.259950	0.243754	0.236586	0.235676	0.291810	0.251678	0.290943	0.239522	0.232214	0.224670	0.256971	0.185159	0.220373	0.206188	0.289658	0.226650	0.308724	0.250340	0.254336	0.231764	0.235627	0.271502	0.238042	0.225252	0.251424	0.242438	0.267717	0.242286	0.307402	0.231216	0.234454	0.189538	0.261853	0.221924	0.234411	0.308698	0.247173	0.246015	0.281584	0.279236	0.279019	0.281286	0.273871	0.257305	0.273593	0.238979	0.250959	0.027989
aod	0.266306	0.200588	0.235669	0.203293	0.223792	0.225017	0.202584	0.223681	0.265044	0.224953	0.258667	0.213086	0.217916	0.200720	0.237491	0.176465	0.197027	0.175321	0.261131	0.205162	0.289836	0.235651	0.232753	0.205768	0.208703	0.241732	0.215305	0.185517	0.228569	0.220037	0.234164	0.214419	0.296403	0.193552	0.214718	0.161814	0.249601	0.193445	0.220046	0.293585	0.234791	0.215404	0.263454	0.263316	0.243102	0.261484	0.258455	0.221373	0.264139	0.229720	0.228095	0.030023
eod	0.194900	0.162876	0.182852	0.148853	0.204519	0.156053	0.190292	0.160526	0.212086	0.206901	0.250948	0.161227	0.147009	0.173925	0.178401	0.079688	0.185686	0.147863	0.224800	0.169298	0.279552	0.171265	0.172532	0.178278	0.194136	0.217377	0.193714	0.203177	0.192773	0.178535	0.254525	0.180231	0.255244	0.181935	0.172313	0.135124	0.207080	0.169155	0.166702	0.275738	0.178053	0.218314	0.248511	0.213863	0.249646	0.209488	0.200551	0.207795	0.212132	0.177766	0.192684	0.036853
