accuracy	0.900623	0.899749	0.899093	0.897562	0.901279	0.898655	0.903028	0.902482	0.899967	0.898218	0.898655	0.903138	0.893517	0.902919	0.895266	0.896469	0.898655	0.900623	0.897781	0.898765	0.897125	0.896250	0.898546	0.895485	0.898765	0.899530	0.897671	0.898874	0.899749	0.897562	0.900514	0.905543	0.896687	0.900514	0.899749	0.897015	0.901388	0.899530	0.898218	0.901388	0.899093	0.901498	0.900186	0.903575	0.899858	0.901170	0.900514	0.899311	0.897671	0.897234	0.899333	0.002287
recall	0.694344	0.689895	0.690965	0.687713	0.683229	0.685810	0.696872	0.703432	0.690145	0.686332	0.688225	0.693163	0.687816	0.688008	0.682285	0.685087	0.688963	0.689294	0.683049	0.690828	0.680241	0.680588	0.681978	0.691796	0.686898	0.678715	0.678132	0.683559	0.687448	0.690723	0.690282	0.695032	0.695955	0.701088	0.695489	0.670639	0.688668	0.691801	0.692490	0.686566	0.682564	0.686915	0.693717	0.699551	0.691907	0.694947	0.692393	0.686732	0.686931	0.676562	0.688515	0.006276
precision	0.788928	0.797692	0.792991	0.795064	0.792939	0.784548	0.805117	0.802364	0.792456	0.803868	0.795598	0.803420	0.778604	0.793523	0.772570	0.784960	0.783920	0.790520	0.781786	0.787057	0.788093	0.794999	0.785755	0.791511	0.799077	0.793723	0.787217	0.778598	0.789153	0.787627	0.792055	0.792279	0.785935	0.794125	0.790345	0.797463	0.791846	0.792819	0.782658	0.799732	0.792183	0.791745	0.800158	0.800520	0.787978	0.797719	0.789303	0.788916	0.787056	0.789372	0.791358	0.006725
f1score	0.728378	0.726767	0.726534	0.724202	0.720269	0.720333	0.734446	0.739029	0.725801	0.724940	0.724830	0.731016	0.720207	0.724504	0.714415	0.719687	0.722735	0.724702	0.717375	0.724998	0.716383	0.718034	0.717442	0.726613	0.724477	0.716442	0.714449	0.717113	0.722816	0.724971	0.725858	0.730061	0.728660	0.734989	0.729583	0.709777	0.724552	0.727205	0.725198	0.724552	0.719374	0.723094	0.730511	0.735564	0.726155	0.731023	0.726908	0.722143	0.721765	0.713508	0.724088	0.005951
mcc	0.473925	0.475522	0.473080	0.470691	0.463357	0.459878	0.490180	0.496026	0.471631	0.475901	0.471758	0.484189	0.457499	0.469829	0.445805	0.459314	0.463251	0.469014	0.454227	0.468096	0.455747	0.461620	0.456076	0.472909	0.472850	0.458226	0.452383	0.452280	0.465623	0.468432	0.471477	0.477509	0.473415	0.486395	0.476484	0.450594	0.469306	0.473975	0.466514	0.472947	0.461919	0.467039	0.482269	0.489771	0.470170	0.481827	0.471846	0.464543	0.463292	0.452071	0.468654	0.010781
spd	0.055294	0.066729	0.038218	0.048718	0.061146	0.047920	0.040343	0.068154	0.039866	0.038466	0.035108	0.035042	0.038144	0.050616	0.063129	0.053124	0.071992	0.044971	0.087664	0.047443	0.055275	0.023918	0.061633	0.053233	0.030871	0.046727	0.035946	0.019129	0.090297	0.041718	0.067646	0.022447	0.054906	0.046479	0.059795	0.028950	0.029807	0.051606	0.054424	0.043158	0.048958	0.067666	0.010482	0.052376	0.036176	0.013940	0.043825	0.028670	0.067682	0.045601	0.047309	0.016715
aod	0.061380	0.041381	0.020497	0.024418	0.029037	0.006567	0.006056	0.017942	0.016583	0.015578	0.044012	0.005804	0.013323	0.001901	0.035122	0.036631	0.042093	0.014978	0.064189	0.023017	0.058471	0.019959	0.049430	0.030547	0.040696	0.015661	0.017429	0.040092	0.051669	0.004033	0.018026	0.010081	0.036850	0.016877	0.027988	0.019804	0.007877	0.024754	0.059759	0.041343	0.023607	0.056020	0.062393	0.012196	0.019061	0.025056	0.019623	0.006482	0.043558	0.031319	0.028223	0.017164
eod	0.113713	0.079885	0.028526	0.035757	0.041416	0.009046	0.005017	0.001136	0.025203	0.023479	0.070299	0.010233	0.012622	0.002239	0.054436	0.062975	0.048938	0.021336	0.083632	0.028182	0.103239	0.030351	0.094651	0.055515	0.077620	0.009899	0.031533	0.075178	0.086861	0.000808	0.032975	0.015027	0.058746	0.023561	0.049099	0.034710	0.010371	0.030755	0.066598	0.071340	0.045806	0.093479	0.123797	0.011905	0.032129	0.039091	0.020209	0.003493	0.061153	0.045238	0.043864	0.031467
accuracy	0.900405	0.899202	0.899093	0.896578	0.901060	0.898655	0.901826	0.900842	0.899639	0.898109	0.898437	0.902700	0.893626	0.901716	0.894720	0.896687	0.899311	0.899311	0.897890	0.898327	0.897234	0.896031	0.897015	0.895266	0.898546	0.899202	0.897125	0.898218	0.899967	0.897671	0.900405	0.905980	0.895157	0.900514	0.898765	0.897999	0.900732	0.899749	0.897234	0.902482	0.899530	0.901607	0.900077	0.902591	0.900842	0.900405	0.898983	0.898765	0.897890	0.896797	0.899018	0.002271
recall	0.690819	0.685188	0.686191	0.683912	0.680044	0.683925	0.689511	0.694420	0.682877	0.682012	0.684460	0.688409	0.684298	0.682670	0.677468	0.679353	0.687081	0.683246	0.679719	0.685367	0.674409	0.675817	0.675450	0.685347	0.682070	0.674023	0.674835	0.677399	0.683807	0.688225	0.684583	0.689285	0.685330	0.698514	0.688246	0.672296	0.682574	0.689342	0.685199	0.686817	0.681324	0.683914	0.689655	0.693712	0.690965	0.691546	0.681320	0.679670	0.683000	0.670768	0.683808	0.005807
precision	0.789522	0.797707	0.795487	0.792484	0.793553	0.785376	0.803607	0.799656	0.794684	0.806224	0.796643	0.804094	0.780452	0.790343	0.771886	0.788714	0.787674	0.787262	0.783729	0.787554	0.791743	0.796792	0.781551	0.793878	0.800934	0.794756	0.786221	0.778032	0.791977	0.789266	0.794450	0.797196	0.783914	0.795346	0.789277	0.801684	0.791754	0.795084	0.781303	0.805151	0.795009	0.793809	0.801992	0.798982	0.792882	0.795928	0.787375	0.789808	0.789954	0.790374	0.792262	0.007103
f1score	0.725689	0.722776	0.723139	0.720377	0.717678	0.718978	0.727902	0.731021	0.720214	0.721637	0.721872	0.727148	0.717811	0.719267	0.710310	0.715724	0.722143	0.718887	0.715059	0.720639	0.712102	0.714194	0.710921	0.721779	0.720704	0.712519	0.711370	0.711882	0.720445	0.723333	0.721667	0.726617	0.719557	0.733269	0.723429	0.712123	0.719419	0.725726	0.718981	0.725995	0.718948	0.721059	0.727532	0.730414	0.726630	0.727780	0.717280	0.716390	0.719168	0.708584	0.720362	0.005691
mcc	0.470091	0.469603	0.469114	0.463860	0.459793	0.458205	0.479738	0.482739	0.464288	0.472171	0.467841	0.478724	0.454695	0.460596	0.439323	0.455113	0.463976	0.458866	0.451626	0.461749	0.451143	0.456863	0.444514	0.466774	0.468150	0.452966	0.447399	0.444174	0.463325	0.466678	0.466264	0.474362	0.458772	0.484274	0.466713	0.455979	0.461592	0.472744	0.456496	0.477524	0.462567	0.464910	0.478641	0.481316	0.472991	0.476168	0.456539	0.456376	0.460702	0.445360	0.463488	0.010566
spd	0.120166	0.121509	0.104806	0.098991	0.101583	0.099199	0.087028	0.129372	0.093961	0.087520	0.081501	0.095542	0.080391	0.092884	0.108331	0.102895	0.123811	0.093237	0.146599	0.090482	0.089806	0.065482	0.125162	0.097551	0.077944	0.084067	0.103237	0.047291	0.135058	0.090041	0.091310	0.080359	0.094772	0.096968	0.100461	0.101080	0.070950	0.079933	0.100846	0.091434	0.065968	0.122819	0.064308	0.106955	0.077238	0.068002	0.120661	0.048668	0.107391	0.075731	0.094826	0.020684
aod	0.142900	0.122897	0.098049	0.100435	0.089711	0.071778	0.078348	0.095324	0.087446	0.089467	0.050181	0.091915	0.064567	0.055631	0.100256	0.133407	0.145237	0.078729	0.142000	0.094811	0.121145	0.060164	0.134029	0.083878	0.043755	0.075568	0.110719	0.018099	0.119474	0.083603	0.059968	0.105179	0.093597	0.119845	0.078762	0.103425	0.057382	0.037818	0.062305	0.040417	0.012430	0.148679	0.032228	0.084453	0.037365	0.054865	0.102410	0.036439	0.101293	0.028363	0.083615	0.034543
eod	0.220979	0.209999	0.144222	0.154330	0.136967	0.108209	0.118519	0.103807	0.121660	0.159822	0.057919	0.142131	0.120607	0.080020	0.153481	0.238365	0.239151	0.109462	0.192824	0.145455	0.210065	0.085439	0.214131	0.139245	0.066231	0.113819	0.177307	0.034581	0.200016	0.134122	0.109506	0.172773	0.140945	0.214384	0.115258	0.165454	0.094545	0.040847	0.036771	0.043738	0.014235	0.248840	0.021741	0.124242	0.053166	0.082727	0.123469	0.070354	0.148802	0.017399	0.127442	0.061756
