accuracy	0.831134	0.836515	0.831945	0.836368	0.837178	0.838063	0.834378	0.834599	0.838505	0.837694	0.834230	0.836662	0.838210	0.838210	0.835115	0.839095	0.839463	0.836662	0.839463	0.836220	0.834967	0.833640	0.832756	0.836736	0.834304	0.834746	0.840569	0.836515	0.839685	0.834672	0.835262	0.838063	0.837621	0.839021	0.841085	0.836810	0.837105	0.834672	0.836515	0.838431	0.840422	0.834378	0.836957	0.841822	0.839390	0.836368	0.835999	0.837989	0.834672	0.835557	0.836729	0.002311
recall1	0.463358	0.482963	0.458115	0.475342	0.483852	0.477103	0.471168	0.467510	0.483474	0.464565	0.466471	0.480957	0.485437	0.479668	0.464625	0.482244	0.481780	0.469783	0.488483	0.461423	0.463473	0.464190	0.467007	0.463158	0.477866	0.476372	0.481683	0.477950	0.485527	0.473068	0.467250	0.469240	0.473605	0.477526	0.492173	0.471281	0.477198	0.484389	0.469742	0.463196	0.494781	0.471687	0.470235	0.487900	0.480217	0.468599	0.474531	0.473049	0.467138	0.462165	0.474290	0.008745
recall0	0.955334	0.953591	0.958831	0.955495	0.952754	0.955995	0.953327	0.957407	0.953902	0.959070	0.957215	0.955010	0.956137	0.956658	0.957267	0.956147	0.956649	0.957386	0.954225	0.958818	0.956292	0.955499	0.951920	0.958016	0.954017	0.954921	0.956060	0.954363	0.955854	0.956359	0.954164	0.957370	0.955326	0.955911	0.954222	0.958808	0.955347	0.953057	0.956203	0.961076	0.953887	0.954385	0.956059	0.957730	0.955343	0.955144	0.954848	0.959792	0.957244	0.962195	0.956053	0.002066
recall_macro	0.709346	0.718277	0.708473	0.715418	0.718303	0.716549	0.712248	0.712458	0.718688	0.711817	0.711843	0.717983	0.720787	0.718163	0.710946	0.719196	0.719215	0.713585	0.721354	0.710121	0.709883	0.709845	0.709463	0.710587	0.715942	0.715647	0.718872	0.716156	0.720690	0.714713	0.710707	0.713305	0.714465	0.716719	0.723197	0.715045	0.716272	0.718723	0.712973	0.712136	0.724334	0.713036	0.713147	0.722815	0.717780	0.711871	0.714690	0.716420	0.712191	0.712180	0.715171	0.003947
precision1	0.777941	0.775083	0.790663	0.778968	0.770109	0.779843	0.767770	0.785961	0.773186	0.786877	0.784760	0.780546	0.787214	0.785228	0.781891	0.782946	0.784533	0.783905	0.777249	0.785642	0.775940	0.774802	0.759883	0.781726	0.777301	0.779914	0.779138	0.774879	0.782964	0.784847	0.767096	0.780733	0.774162	0.777887	0.777091	0.792472	0.778318	0.777154	0.777778	0.795478	0.778873	0.773833	0.776564	0.790799	0.776367	0.771372	0.775560	0.797022	0.784653	0.805682	0.780412	0.007861
precision0	0.840548	0.847784	0.839050	0.846608	0.849468	0.848390	0.846261	0.843122	0.850340	0.846306	0.842889	0.846864	0.847529	0.847684	0.844312	0.849170	0.849275	0.845854	0.850863	0.844782	0.845143	0.843910	0.845720	0.846081	0.844725	0.844680	0.851453	0.847612	0.849943	0.843587	0.847173	0.847935	0.848774	0.849809	0.852831	0.844562	0.847611	0.845420	0.846767	0.845624	0.851884	0.845192	0.847486	0.850982	0.850595	0.847685	0.846782	0.845135	0.843423	0.840635	0.846725	0.002932
precision_macro	0.809245	0.811434	0.814856	0.812788	0.809789	0.814117	0.807015	0.814542	0.811763	0.816592	0.813825	0.813705	0.817371	0.816456	0.813101	0.816058	0.816904	0.814879	0.814056	0.815212	0.810542	0.809356	0.802801	0.813903	0.811013	0.812297	0.815296	0.811246	0.816454	0.814217	0.807135	0.814334	0.811468	0.813848	0.814961	0.818517	0.812964	0.811287	0.812272	0.820551	0.815379	0.809512	0.812025	0.820891	0.813481	0.809528	0.811171	0.821079	0.814038	0.823159	0.813569	0.003701
f1score1	0.580787	0.595108	0.580110	0.590406	0.594307	0.592015	0.583966	0.586283	0.594934	0.584215	0.585132	0.595177	0.600546	0.595541	0.582883	0.596861	0.596965	0.587491	0.599927	0.581387	0.580319	0.580561	0.578488	0.581681	0.591866	0.591472	0.595323	0.591227	0.599374	0.590320	0.580754	0.586174	0.587685	0.591776	0.602654	0.591060	0.591648	0.596800	0.585730	0.585477	0.605143	0.586112	0.585768	0.603474	0.593394	0.583020	0.588801	0.593715	0.585627	0.587387	0.589937	0.006735
f1score0	0.894273	0.897580	0.894950	0.897762	0.898151	0.898984	0.896609	0.896637	0.899148	0.899167	0.896421	0.897692	0.898563	0.898881	0.897249	0.899489	0.899770	0.898171	0.899585	0.898195	0.897289	0.896244	0.895683	0.898576	0.896051	0.896424	0.900730	0.897826	0.899793	0.896440	0.897491	0.899336	0.898903	0.899743	0.900682	0.898066	0.898260	0.896018	0.898163	0.899661	0.900005	0.896475	0.898504	0.901206	0.899931	0.898212	0.897574	0.898822	0.896736	0.897317	0.898069	0.001516
f1score_macro	0.737530	0.746344	0.737530	0.744084	0.746229	0.745499	0.740287	0.741460	0.747041	0.741691	0.740777	0.746434	0.749554	0.747211	0.740066	0.748175	0.748368	0.742831	0.749756	0.739791	0.738804	0.738403	0.737085	0.740128	0.743959	0.743948	0.748026	0.744527	0.749583	0.743380	0.739123	0.742755	0.743294	0.745759	0.751668	0.744563	0.744954	0.746409	0.741947	0.742569	0.752574	0.741294	0.742136	0.752340	0.746663	0.740616	0.743187	0.746268	0.741182	0.742352	0.744003	0.003878
roc_auc	0.709346	0.718277	0.708473	0.715418	0.718303	0.716549	0.712248	0.712458	0.718688	0.711817	0.711843	0.717983	0.720787	0.718163	0.710946	0.719196	0.719215	0.713585	0.721354	0.710121	0.709883	0.709845	0.709463	0.710587	0.715942	0.715647	0.718872	0.716156	0.720690	0.714713	0.710707	0.713305	0.714465	0.716719	0.723197	0.715045	0.716272	0.718723	0.712973	0.712136	0.724334	0.713036	0.713147	0.722815	0.717780	0.711871	0.714690	0.716420	0.712191	0.712180	0.715171	0.003947
mcc	0.508878	0.521455	0.512402	0.519154	0.520107	0.521619	0.510542	0.517018	0.522221	0.517917	0.515680	0.523001	0.529420	0.525506	0.513995	0.526416	0.527143	0.518665	0.527324	0.514714	0.510597	0.509575	0.503690	0.514214	0.518307	0.519021	0.525392	0.518759	0.528539	0.519487	0.508785	0.517876	0.516910	0.521600	0.530277	0.523432	0.520329	0.521864	0.515773	0.521538	0.531978	0.513565	0.515779	0.534787	0.522570	0.512173	0.516934	0.527211	0.516279	0.523709	0.519483	0.006489
spd	0.074299	0.070648	0.080949	0.072366	0.084350	0.084863	0.072904	0.064926	0.070584	0.078495	0.071603	0.084222	0.076397	0.068394	0.070850	0.074334	0.067245	0.065622	0.081139	0.070123	0.065385	0.071600	0.081682	0.063468	0.071859	0.084854	0.075421	0.066144	0.079652	0.077035	0.064369	0.074684	0.073432	0.082384	0.075187	0.073363	0.072646	0.069937	0.066961	0.071620	0.083613	0.083725	0.066240	0.081930	0.082099	0.068998	0.074300	0.067817	0.071335	0.059187	0.073705	0.006511
di_old	0.573615	0.603459	0.531154	0.586162	0.536125	0.524748	0.582336	0.619554	0.598939	0.539761	0.585527	0.534350	0.573775	0.606722	0.584263	0.577976	0.612536	0.613052	0.551667	0.581315	0.611333	0.584107	0.541175	0.617684	0.595401	0.530997	0.569392	0.620360	0.554532	0.563846	0.621506	0.563408	0.576540	0.534584	0.579653	0.575445	0.585087	0.610477	0.607041	0.570937	0.546080	0.531485	0.609453	0.541834	0.537016	0.595994	0.576492	0.602857	0.585829	0.640505	0.577962	0.029805
di	0.426385	0.396541	0.468846	0.413838	0.463875	0.475252	0.417664	0.380446	0.401061	0.460239	0.414473	0.465650	0.426225	0.393278	0.415737	0.422024	0.387464	0.386948	0.448333	0.418685	0.388667	0.415893	0.458825	0.382316	0.404599	0.469003	0.430608	0.379640	0.445468	0.436154	0.378494	0.436592	0.423460	0.465416	0.420347	0.424555	0.414913	0.389523	0.392959	0.429063	0.453920	0.468515	0.390547	0.458166	0.462984	0.404006	0.423508	0.397143	0.414171	0.359495	0.422038	0.029805
aod	0.051748	0.074053	0.050023	0.070741	0.059187	0.036413	0.063772	0.063903	0.078757	0.053723	0.066355	0.048329	0.069495	0.071099	0.043061	0.061436	0.080187	0.066025	0.065809	0.063097	0.066821	0.066207	0.055632	0.077004	0.067854	0.048211	0.058237	0.078345	0.055832	0.070379	0.090558	0.057411	0.091966	0.044490	0.045251	0.066004	0.052266	0.073257	0.068031	0.049627	0.060040	0.046896	0.079129	0.053713	0.044228	0.075719	0.064968	0.075320	0.067360	0.076414	0.063288	0.012380
aaod	0.062128	0.083324	0.065081	0.084073	0.080482	0.049314	0.074836	0.067402	0.089489	0.065099	0.077158	0.061733	0.076716	0.078396	0.047381	0.072199	0.088902	0.069008	0.077235	0.074703	0.069462	0.078096	0.075981	0.086797	0.073018	0.060135	0.072733	0.080013	0.065960	0.081968	0.095391	0.072923	0.104307	0.055500	0.048275	0.076576	0.060437	0.076365	0.077812	0.057392	0.067549	0.060082	0.086277	0.063950	0.055188	0.086889	0.076102	0.083494	0.076841	0.078093	0.072965	0.011904
eod	0.113876	0.157377	0.115104	0.154815	0.139669	0.085727	0.138608	0.131305	0.168246	0.118821	0.143513	0.110061	0.146211	0.149496	0.090442	0.133635	0.169089	0.135033	0.143044	0.137800	0.136283	0.144303	0.131613	0.163801	0.140872	0.108346	0.130970	0.158358	0.121791	0.152348	0.185948	0.130334	0.196273	0.099989	0.093526	0.142580	0.112703	0.149622	0.145843	0.107019	0.127589	0.106978	0.165406	0.117663	0.099416	0.162608	0.141071	0.158815	0.144201	0.154507	0.136253	0.023922
erd	0.122516	0.123403	0.131123	0.127138	0.129937	0.118364	0.123338	0.117562	0.124496	0.125776	0.127667	0.122911	0.123539	0.120320	0.111298	0.119989	0.123800	0.116708	0.124627	0.125177	0.118576	0.127789	0.132219	0.125791	0.121065	0.124951	0.120502	0.119853	0.119574	0.131121	0.128879	0.124192	0.136520	0.119127	0.104650	0.126540	0.114583	0.118976	0.121597	0.117329	0.120010	0.125079	0.124302	0.119676	0.117284	0.127307	0.124588	0.125679	0.126569	0.121490	0.122910	0.005400
