accuracy	0.905652	0.903575	0.900842	0.900732	0.903138	0.902154	0.903684	0.901170	0.899311	0.902154	0.900732	0.906089	0.896906	0.903794	0.898327	0.899202	0.898437	0.903138	0.900842	0.900623	0.896906	0.901935	0.901498	0.900951	0.904012	0.905215	0.897999	0.904340	0.905215	0.902810	0.902591	0.908604	0.901935	0.901388	0.899858	0.898218	0.903794	0.900405	0.900514	0.902591	0.899530	0.905105	0.901388	0.903028	0.903466	0.902263	0.907183	0.904887	0.902919	0.904668	0.902114	0.002548
recall1	0.538732	0.527444	0.526225	0.522804	0.513345	0.531634	0.545927	0.513746	0.518712	0.512949	0.547782	0.513135	0.529461	0.517552	0.529772	0.518868	0.505263	0.540564	0.520211	0.508696	0.518103	0.529412	0.541301	0.532726	0.533956	0.535902	0.501742	0.559140	0.553117	0.544130	0.520596	0.545706	0.532203	0.533563	0.539462	0.483348	0.541260	0.504318	0.520070	0.506550	0.500435	0.528940	0.526002	0.523726	0.535088	0.531602	0.569542	0.534558	0.534081	0.530683	0.527482	0.015827
recall0	0.957683	0.958527	0.955411	0.956926	0.957746	0.954801	0.955336	0.957660	0.953988	0.960755	0.952602	0.962149	0.951753	0.957193	0.950906	0.954768	0.954415	0.954449	0.954926	0.956984	0.951922	0.957647	0.952678	0.956927	0.958715	0.957901	0.954869	0.952310	0.955295	0.955263	0.957032	0.957341	0.956696	0.954915	0.951839	0.959127	0.954738	0.957817	0.955006	0.959260	0.956864	0.957752	0.956609	0.956923	0.955914	0.955831	0.955062	0.957771	0.956435	0.958824	0.956085	0.002329
recall_macro	0.748208	0.742985	0.740818	0.739865	0.735546	0.743218	0.750632	0.735703	0.736350	0.736852	0.750192	0.737642	0.740607	0.737372	0.740339	0.736818	0.729839	0.747507	0.737568	0.732840	0.735013	0.743530	0.746989	0.744826	0.746335	0.746902	0.728306	0.755725	0.754206	0.749697	0.738814	0.751524	0.744450	0.744239	0.745651	0.721237	0.747999	0.731067	0.737538	0.732905	0.728650	0.743346	0.741305	0.740325	0.745501	0.743716	0.762302	0.746165	0.745258	0.744753	0.741783	0.007552
precision1	0.643533	0.650106	0.632231	0.643451	0.629913	0.625646	0.638298	0.638889	0.618257	0.663067	0.629412	0.659168	0.620928	0.625680	0.606212	0.626294	0.612115	0.626789	0.621196	0.629709	0.610152	0.651499	0.619095	0.652792	0.656576	0.644889	0.614728	0.619662	0.637652	0.640121	0.633262	0.632086	0.645427	0.632653	0.617676	0.634529	0.626927	0.634093	0.623431	0.640177	0.625000	0.636656	0.640706	0.633369	0.633437	0.634953	0.642502	0.643836	0.640124	0.651113	0.633800	0.012685
precision0	0.936066	0.932813	0.932632	0.930971	0.933544	0.934841	0.935784	0.931068	0.932421	0.929084	0.934785	0.932671	0.931276	0.934857	0.934102	0.931426	0.931270	0.936222	0.933366	0.931248	0.931512	0.931540	0.935967	0.930899	0.932959	0.935350	0.930329	0.939558	0.937615	0.934764	0.933366	0.940088	0.932469	0.933635	0.934767	0.926711	0.936751	0.930221	0.932853	0.931440	0.930230	0.935598	0.932063	0.933951	0.935239	0.933863	0.939926	0.935106	0.933985	0.933813	0.933540	0.002651
precision_macro	0.789800	0.791459	0.782432	0.787211	0.781728	0.780244	0.787041	0.784978	0.775339	0.796076	0.782099	0.795919	0.776102	0.780268	0.770157	0.778860	0.771692	0.781506	0.777281	0.780479	0.770832	0.791520	0.777531	0.791846	0.794768	0.790120	0.772528	0.779610	0.787633	0.787442	0.783314	0.786087	0.788948	0.783144	0.776221	0.780620	0.781839	0.782157	0.778142	0.785808	0.777615	0.786127	0.786384	0.783660	0.784338	0.784408	0.791214	0.789471	0.787055	0.792463	0.783670	0.006367
f1score1	0.586488	0.582386	0.574378	0.576887	0.565686	0.574822	0.588510	0.569524	0.564127	0.578427	0.585766	0.577056	0.571558	0.566502	0.565421	0.567542	0.553580	0.580492	0.566236	0.562771	0.560373	0.584145	0.577590	0.586679	0.588951	0.585366	0.552518	0.587847	0.592384	0.588235	0.571429	0.585728	0.583372	0.578898	0.575926	0.548715	0.580952	0.561809	0.567079	0.565578	0.555824	0.577821	0.577715	0.573353	0.580124	0.578699	0.603826	0.584130	0.582314	0.584762	0.575606	0.011237
f1score0	0.946751	0.945495	0.943884	0.943770	0.945490	0.944716	0.945459	0.944177	0.943081	0.944654	0.943609	0.947181	0.941403	0.945893	0.942429	0.942953	0.942700	0.945248	0.944023	0.943941	0.941606	0.944413	0.944248	0.943734	0.945662	0.946491	0.942439	0.945891	0.946372	0.944902	0.945051	0.948636	0.944427	0.944156	0.943225	0.942641	0.945659	0.943817	0.943799	0.945146	0.943359	0.946545	0.944176	0.945298	0.945464	0.944719	0.947434	0.946303	0.945077	0.946153	0.944674	0.001495
f1score_macro	0.766620	0.763941	0.759131	0.760329	0.755588	0.759769	0.766985	0.756850	0.753604	0.761540	0.764688	0.762118	0.756481	0.756198	0.753925	0.755247	0.748140	0.762870	0.755129	0.753356	0.750990	0.764279	0.760919	0.765206	0.767306	0.765929	0.747479	0.766869	0.769378	0.766569	0.758240	0.767182	0.763900	0.761527	0.759576	0.745678	0.763306	0.752813	0.755439	0.755362	0.749592	0.762183	0.760946	0.759325	0.762794	0.761709	0.775630	0.765216	0.763695	0.765457	0.760140	0.006138
roc_auc	0.748208	0.742985	0.740818	0.739865	0.735546	0.743218	0.750632	0.735703	0.736350	0.736852	0.750192	0.737642	0.740607	0.737372	0.740339	0.736818	0.729839	0.747507	0.737568	0.732840	0.735013	0.743530	0.746989	0.744826	0.746335	0.746902	0.728306	0.755725	0.754206	0.749697	0.738814	0.751524	0.744450	0.744239	0.745651	0.721237	0.747999	0.731067	0.737538	0.732905	0.728650	0.743346	0.741305	0.740325	0.745501	0.743716	0.762302	0.746165	0.745258	0.744753	0.741783	0.007552
mcc	0.536397	0.532242	0.521593	0.524945	0.515208	0.522150	0.536438	0.518344	0.510202	0.529626	0.531333	0.530369	0.515488	0.515860	0.509625	0.513961	0.499782	0.527919	0.513315	0.511103	0.504575	0.532893	0.523630	0.534608	0.538931	0.535279	0.498878	0.534802	0.540807	0.535811	0.520228	0.536498	0.531538	0.525946	0.520976	0.498332	0.528756	0.510675	0.514079	0.516009	0.503891	0.527742	0.525761	0.522189	0.528414	0.526555	0.552761	0.533882	0.530669	0.535094	0.523722	0.011858
spd	0.041168	0.075850	0.056834	0.020437	0.032886	0.053137	0.032549	0.079083	0.030327	0.042868	0.029162	0.029102	0.041589	0.076233	0.020768	0.041859	0.031892	0.009909	0.098251	0.028647	0.012812	0.038803	0.092421	0.030970	0.049590	0.029171	0.010292	0.035476	0.088613	0.035988	0.021048	0.015611	0.071239	0.001340	0.044528	0.039248	0.017267	0.059159	0.034397	0.071003	0.060866	0.043190	0.017311	0.067638	0.044282	0.023662	0.051507	0.013072	0.064032	0.037619	0.041894	0.022774
di_old	1.400785	1.748648	1.544783	1.195447	1.331549	1.510112	1.304233	1.791900	1.290198	1.428732	1.263622	1.301870	1.379554	1.774966	1.191392	1.400629	1.312855	1.092929	1.972194	1.284296	1.119342	1.370985	1.871228	1.289909	1.479818	1.283473	1.100746	1.325014	1.840589	1.335058	1.206424	1.153355	1.682807	0.987501	1.409425	1.407085	1.163095	1.597988	1.332234	1.733288	1.615874	1.428812	0.836338	1.669750	1.425757	1.225326	1.474068	1.126427	1.615888	1.368795	1.399942	0.237321
di	0.286115	0.428129	0.352660	0.163493	0.248995	0.337798	0.233266	0.441933	0.224925	0.300079	0.208624	0.231874	0.275128	0.436609	0.160646	0.286035	0.238301	0.085027	0.492950	0.221363	0.106618	0.270598	0.465592	0.224751	0.324241	0.220864	0.091525	0.245291	0.456696	0.250969	0.171104	0.132964	0.405755	0.012499	0.290491	0.289311	0.140225	0.374213	0.249381	0.423062	0.381140	0.300118	0.163662	0.401108	0.298618	0.183891	0.321605	0.112238	0.381145	0.269430	0.272261	0.110468
aod	0.000197	0.001616	-0.023629	-0.044857	-0.060317	-0.027989	-0.031570	0.015165	-0.021874	-0.029654	-0.073663	-0.050368	-0.044266	0.007017	-0.068399	0.015629	-0.045473	-0.058231	0.041283	-0.038399	-0.058817	0.002005	0.036212	-0.046142	-0.042645	-0.064890	-0.081964	-0.031572	-0.004626	-0.043640	-0.086622	-0.055287	0.022261	-0.104766	-0.026996	-0.018966	-0.068426	-0.006408	-0.038488	-0.020021	-0.023201	-0.015162	-0.133485	0.011904	-0.049433	-0.039471	-0.033936	-0.080739	0.013217	-0.045384	-0.033465	0.035227
aaod	0.011138	0.030602	0.064216	0.044857	0.077027	0.037762	0.036040	0.029710	0.027413	0.044449	0.095997	0.064134	0.052931	0.009062	0.068570	0.025007	0.061637	0.058231	0.041283	0.054328	0.064053	0.011830	0.036212	0.046142	0.059352	0.085531	0.088002	0.031572	0.037249	0.057227	0.086622	0.066574	0.022261	0.105792	0.031329	0.028075	0.068426	0.022616	0.069435	0.051194	0.023201	0.024567	0.133485	0.011904	0.061193	0.041438	0.068696	0.080739	0.013217	0.045384	0.050154	0.026483
eod	0.010941	0.028986	0.087845	0.088467	0.137343	0.065751	0.067609	0.014545	0.049287	0.074102	0.169660	0.114502	0.097198	0.002045	0.136969	0.040637	0.107110	0.099026	0.020613	0.092727	0.122870	0.009825	0.026778	0.085505	0.101997	0.150421	0.169966	0.052643	0.041875	0.100868	0.162642	0.121861	0.005065	0.210558	0.058325	0.047041	0.134383	0.029024	0.107923	0.071215	0.035266	0.039729	0.257829	0.010142	0.110626	0.080909	0.102632	0.160461	0.003100	0.089560	0.084128	0.056535
erd	0.039960	0.083046	0.089151	0.053045	0.090670	0.076677	0.052451	0.082694	0.046743	0.073463	0.093550	0.074082	0.081372	0.072456	0.075400	0.021738	0.075374	0.043500	0.085699	0.063168	0.057160	0.038911	0.072143	0.064150	0.090859	0.085037	0.080925	0.046055	0.094552	0.070902	0.099785	0.051700	0.064076	0.078935	0.062308	0.062779	0.066180	0.071653	0.071126	0.105180	0.080553	0.054316	0.088520	0.057575	0.088520	0.050833	0.081334	0.075620	0.056462	0.072815	0.070304	0.017352
