accuracy	0.642355	0.662345	0.643436	0.642896	0.639114	0.646677	0.641275	0.656402	0.653160	0.650999	0.670989	0.663425	0.659643	0.656402	0.662345	0.642896	0.650999	0.662345	0.651540	0.648298	0.665586	0.646137	0.655321	0.655321	0.649919	0.651540	0.630470	0.659103	0.661804	0.663425	0.661804	0.652620	0.650459	0.629930	0.641815	0.644516	0.632631	0.652080	0.638574	0.664506	0.638574	0.670448	0.642896	0.653160	0.646137	0.650459	0.658023	0.652620	0.645597	0.637493	0.651010	0.009892
recall1	0.852342	0.870276	0.847059	0.849151	0.845691	0.831325	0.859562	0.829848	0.858566	0.820059	0.878073	0.865805	0.829077	0.853944	0.865554	0.859719	0.869000	0.843195	0.847406	0.868077	0.862069	0.819159	0.850195	0.851312	0.848544	0.868447	0.830040	0.871642	0.859390	0.841021	0.834476	0.884770	0.861357	0.845455	0.863905	0.847913	0.845401	0.831407	0.885598	0.872115	0.892354	0.865049	0.855731	0.848546	0.861648	0.870775	0.889971	0.853683	0.873000	0.859113	0.855756	0.016980
recall0	0.405063	0.428899	0.393502	0.400000	0.397421	0.431579	0.382527	0.428035	0.409681	0.444844	0.418465	0.422485	0.452581	0.410194	0.413462	0.389215	0.394830	0.443250	0.429724	0.393939	0.411400	0.432367	0.411908	0.409976	0.400731	0.390476	0.389750	0.406619	0.420863	0.445913	0.449398	0.381008	0.393285	0.382114	0.372760	0.402367	0.370326	0.423124	0.361239	0.398274	0.344224	0.426309	0.386174	0.425059	0.402074	0.388166	0.368932	0.420930	0.378378	0.368421	0.405045	0.024220
recall_macro	0.628703	0.649587	0.620280	0.624575	0.621556	0.631452	0.621044	0.628941	0.634123	0.632452	0.648269	0.644145	0.640829	0.632069	0.639508	0.624467	0.631915	0.643222	0.638565	0.631008	0.636735	0.625763	0.631051	0.630644	0.624637	0.629462	0.609895	0.639131	0.640127	0.643467	0.641937	0.632889	0.627321	0.613784	0.618333	0.625140	0.607863	0.627265	0.623418	0.635195	0.618289	0.645679	0.620953	0.636802	0.631861	0.629471	0.629451	0.637307	0.625689	0.613767	0.630401	0.009563
precision1	0.618168	0.631111	0.631579	0.625000	0.621502	0.630137	0.622655	0.656391	0.632893	0.643022	0.648041	0.640912	0.649231	0.643434	0.643796	0.622190	0.627890	0.647237	0.627259	0.623734	0.654545	0.640673	0.643594	0.643644	0.639824	0.631655	0.621302	0.635704	0.644068	0.650228	0.650879	0.625797	0.633864	0.611395	0.625268	0.628130	0.623377	0.647898	0.608848	0.650179	0.612146	0.654185	0.627082	0.632760	0.620059	0.628859	0.637378	0.629464	0.622682	0.622857	0.633690	0.012019
precision0	0.708249	0.746507	0.677019	0.692464	0.687627	0.687151	0.696774	0.656430	0.709611	0.669675	0.737844	0.725610	0.684211	0.692623	0.715177	0.703390	0.719486	0.700000	0.713193	0.720682	0.697479	0.659300	0.687627	0.687755	0.678351	0.711497	0.655311	0.727273	0.710526	0.696060	0.688192	0.738636	0.699360	0.682573	0.693333	0.689655	0.660215	0.662813	0.737705	0.708333	0.733831	0.715746	0.689362	0.706226	0.719588	0.716157	0.729017	0.714004	0.717149	0.682927	0.700794	0.022552
precision_macro	0.663209	0.688809	0.654299	0.658732	0.654564	0.658644	0.659715	0.656410	0.671252	0.656349	0.692942	0.683261	0.666721	0.668028	0.679486	0.662790	0.673688	0.673618	0.670226	0.672208	0.676012	0.649986	0.665610	0.665700	0.659087	0.671576	0.638306	0.681488	0.677297	0.673144	0.669535	0.682217	0.666612	0.646984	0.659300	0.658892	0.641796	0.655356	0.673277	0.679256	0.672989	0.684966	0.658222	0.669493	0.669823	0.672508	0.683197	0.671734	0.669916	0.652892	0.667242	0.011669
f1score1	0.716610	0.731644	0.723618	0.720034	0.716469	0.716883	0.722176	0.732997	0.728656	0.720830	0.745720	0.736575	0.728214	0.733891	0.738384	0.721918	0.729027	0.732334	0.720900	0.725895	0.744109	0.719005	0.732607	0.733054	0.729549	0.731362	0.710660	0.735208	0.736310	0.733419	0.731330	0.733084	0.730304	0.709623	0.725466	0.721658	0.717608	0.728270	0.721598	0.744969	0.726156	0.744983	0.723778	0.724936	0.721158	0.730304	0.742787	0.724625	0.726894	0.722153	0.727995	0.008470
f1score0	0.515373	0.544792	0.497717	0.507084	0.503715	0.530172	0.493902	0.518182	0.519461	0.534582	0.534047	0.534031	0.544798	0.515244	0.523991	0.501132	0.509863	0.542794	0.536305	0.509420	0.517537	0.522247	0.515198	0.513720	0.503828	0.504228	0.488789	0.521607	0.528614	0.543590	0.543732	0.502707	0.503454	0.489948	0.484848	0.508221	0.474498	0.516517	0.484988	0.509866	0.468626	0.534351	0.495034	0.530702	0.515891	0.503454	0.489927	0.529627	0.495385	0.478632	0.512727	0.019250
f1score_macro	0.615991	0.638218	0.610667	0.613559	0.610092	0.623528	0.608039	0.625590	0.624059	0.627706	0.639884	0.635303	0.636506	0.624568	0.631188	0.611525	0.619445	0.637564	0.628602	0.617657	0.630823	0.620626	0.623902	0.623387	0.616689	0.617795	0.599725	0.628407	0.632462	0.638504	0.637531	0.617896	0.616879	0.599785	0.605157	0.614940	0.596053	0.622393	0.603293	0.627418	0.597391	0.639667	0.609406	0.627819	0.618524	0.616879	0.616357	0.627126	0.611139	0.600393	0.620361	0.011814
roc_auc	0.628703	0.649587	0.620280	0.624575	0.621556	0.631452	0.621044	0.628941	0.634123	0.632452	0.648269	0.644145	0.640829	0.632069	0.639508	0.624467	0.631915	0.643222	0.638565	0.631008	0.636735	0.625763	0.631051	0.630644	0.624637	0.629462	0.609895	0.639131	0.640127	0.643467	0.641937	0.632889	0.627321	0.613784	0.618333	0.625140	0.607863	0.627265	0.623418	0.635195	0.618289	0.645679	0.620953	0.636802	0.631861	0.629471	0.629451	0.637307	0.625689	0.613767	0.630401	0.009563
mcc	0.289865	0.336116	0.272464	0.281241	0.274141	0.288819	0.278083	0.284027	0.303110	0.287810	0.338274	0.325061	0.306458	0.297935	0.316479	0.284689	0.302734	0.315380	0.307163	0.300404	0.310271	0.274684	0.294641	0.294263	0.281625	0.298077	0.246569	0.317809	0.315240	0.315217	0.310247	0.311221	0.291295	0.258646	0.274594	0.282019	0.247343	0.281221	0.292475	0.311349	0.286096	0.328302	0.276676	0.304545	0.299286	0.298896	0.307995	0.307117	0.292278	0.263773	0.295280	0.020080
spd	0.015052	0.066002	0.086858	0.065239	0.043205	0.079416	0.084960	0.075985	0.131053	0.026146	0.093899	0.082242	0.129494	0.037626	0.118999	0.056477	0.019964	0.061533	0.102570	0.081930	0.063596	0.116678	0.111389	0.084620	0.075507	0.103631	0.073793	0.060543	0.098990	0.062641	0.059806	0.079627	0.090440	0.103985	0.087352	0.062920	0.063369	0.067454	0.089215	0.095729	0.056603	0.079208	0.060965	0.031929	0.074945	0.076122	0.077078	0.069209	0.060076	0.046553	0.074852	0.025541
di_old	0.979759	0.915691	0.892602	0.917161	0.943801	0.897434	0.896032	0.902535	0.844320	0.963768	0.885602	0.897198	0.839630	0.950923	0.857425	0.928586	0.973869	0.919410	0.871879	0.899326	0.919978	0.854153	0.864797	0.894756	0.905484	0.876013	0.906546	0.923681	0.878547	0.917797	0.920865	0.903609	0.889669	0.873733	0.894413	0.919836	0.920789	0.912971	0.893947	0.884690	0.931809	0.900921	0.923358	0.957311	0.906249	0.906565	0.907858	0.911471	0.925402	0.941360	0.906911	0.030053
di	0.020241	0.084309	0.107398	0.082839	0.056199	0.102566	0.103968	0.097465	0.155680	0.036232	0.114398	0.102802	0.160370	0.049077	0.142575	0.071414	0.026131	0.080590	0.128121	0.100674	0.080022	0.145847	0.135203	0.105244	0.094516	0.123987	0.093454	0.076319	0.121453	0.082203	0.079135	0.096391	0.110331	0.126267	0.105587	0.080164	0.079211	0.087029	0.106053	0.115310	0.068191	0.099079	0.076642	0.042689	0.093751	0.093435	0.092142	0.088529	0.074598	0.058640	0.093089	0.030053
aod	0.008470	-0.020787	-0.068089	-0.034536	0.007901	-0.056307	-0.057648	-0.057526	-0.108736	0.002172	-0.059455	-0.047128	-0.105008	-0.008857	-0.096826	-0.043245	0.009274	-0.030449	-0.068926	-0.051153	-0.042234	-0.086425	-0.095080	-0.048882	-0.051013	-0.075869	-0.057441	-0.020086	-0.075363	-0.032033	-0.030469	-0.047891	-0.072984	-0.071123	-0.073851	-0.040525	-0.050641	-0.042433	-0.076886	-0.090254	-0.036593	-0.050696	-0.040909	-0.005532	-0.042531	-0.046197	-0.059581	-0.019584	-0.046108	-0.030456	-0.048931	0.028257
aaod	0.055234	0.020787	0.068089	0.034536	0.045333	0.056307	0.057648	0.057526	0.108736	0.030689	0.059455	0.047128	0.105008	0.012591	0.096826	0.075349	0.009274	0.037714	0.068926	0.051153	0.042234	0.086425	0.095080	0.048882	0.051013	0.075869	0.057441	0.020086	0.075363	0.032033	0.030469	0.047891	0.072984	0.071123	0.073851	0.052805	0.050641	0.042433	0.076886	0.090254	0.036593	0.050696	0.040909	0.013882	0.042531	0.046197	0.059581	0.020233	0.046108	0.030456	0.053585	0.023532
eod	0.063704	0.006191	0.024880	0.008061	0.037431	0.007356	0.025764	0.016183	0.038024	0.032861	0.048673	0.020923	0.057923	0.003734	0.040946	0.032104	0.001365	0.007265	0.044493	0.047786	0.038982	0.072182	0.024698	0.043106	0.026075	0.051948	0.020961	0.037990	0.032445	0.009651	0.008916	0.030479	0.044824	0.059639	0.006176	0.012280	0.015038	0.000578	0.002315	0.024638	0.027797	0.023174	0.042155	0.008350	0.048771	0.047251	0.016322	0.039817	0.010423	0.013127	0.028115	0.018150
erd	0.006845	0.064053	0.032362	0.052709	0.113274	0.019952	0.056779	0.023049	0.037657	0.020707	0.063407	0.052468	0.033422	0.043779	0.031882	0.004840	0.055292	0.029943	0.053823	0.066339	0.043264	0.063941	0.022195	0.073075	0.046160	0.060991	0.028090	0.083256	0.033650	0.036454	0.034299	0.063885	0.031671	0.083691	0.019312	0.026016	0.022362	0.034990	0.000857	0.011905	0.049318	0.040889	0.048062	0.032749	0.070106	0.067894	0.028908	0.095299	0.013046	0.031585	0.043210	0.023517
