accuracy	0.644516	0.676391	0.658563	0.660724	0.660184	0.662345	0.648298	0.669908	0.670448	0.663425	0.686656	0.683955	0.672609	0.676391	0.669908	0.660184	0.656942	0.665046	0.660724	0.664506	0.662885	0.660184	0.670989	0.667747	0.661264	0.662345	0.640735	0.672609	0.668828	0.670448	0.662885	0.668828	0.663425	0.641815	0.654781	0.655321	0.643436	0.659643	0.653160	0.679092	0.652080	0.667207	0.655321	0.674230	0.653701	0.665046	0.668287	0.666126	0.670448	0.648298	0.663058	0.010104
recall1	0.798371	0.827375	0.794118	0.796204	0.804609	0.782129	0.794821	0.769011	0.807769	0.767945	0.814159	0.833996	0.792731	0.783836	0.807655	0.800601	0.788000	0.797830	0.808749	0.796576	0.768199	0.783969	0.789883	0.789116	0.794175	0.789318	0.765810	0.806965	0.782694	0.785083	0.770813	0.816633	0.777778	0.804040	0.798817	0.794235	0.754403	0.775530	0.832482	0.800962	0.792757	0.784466	0.779644	0.794383	0.779247	0.788270	0.797468	0.797175	0.808000	0.779310	0.792962	0.016312
recall0	0.470656	0.506881	0.492178	0.501176	0.491208	0.522807	0.474616	0.539424	0.507674	0.535971	0.531175	0.505325	0.525810	0.542476	0.501202	0.495897	0.502938	0.504182	0.493088	0.511655	0.526642	0.507246	0.522479	0.515815	0.494519	0.509524	0.489869	0.513002	0.529976	0.530048	0.530120	0.495897	0.523981	0.455285	0.480287	0.489941	0.506634	0.511685	0.451835	0.522811	0.488915	0.520097	0.505364	0.533958	0.511521	0.518343	0.507282	0.515116	0.508813	0.489234	0.507252	0.019780
recall_macro	0.634513	0.667128	0.643148	0.648690	0.647908	0.652468	0.634719	0.654218	0.657722	0.651958	0.672667	0.669661	0.659271	0.663156	0.654428	0.648249	0.645469	0.651006	0.650918	0.654116	0.647421	0.645608	0.656181	0.652465	0.644347	0.649421	0.627840	0.659984	0.656335	0.657566	0.650467	0.656265	0.650879	0.629662	0.639552	0.642088	0.630519	0.643607	0.642158	0.661886	0.640836	0.652282	0.642504	0.664170	0.645384	0.653307	0.652375	0.656145	0.658407	0.634272	0.650107	0.009907
precision1	0.630225	0.653226	0.657468	0.652744	0.649151	0.656276	0.641995	0.687341	0.660423	0.668664	0.679245	0.667462	0.671381	0.681049	0.664782	0.650122	0.650702	0.660948	0.643725	0.653719	0.677365	0.662810	0.673859	0.671074	0.663423	0.659504	0.644223	0.663123	0.670034	0.671704	0.668649	0.654618	0.665825	0.629249	0.650602	0.649593	0.653390	0.669717	0.630317	0.682787	0.642741	0.672213	0.655316	0.665546	0.643697	0.660833	0.668571	0.654515	0.659054	0.649425	0.659289	0.013182
precision0	0.673806	0.723404	0.660743	0.676190	0.682410	0.673193	0.661184	0.639466	0.690209	0.654466	0.700949	0.718855	0.674884	0.668161	0.680261	0.680064	0.668750	0.673046	0.694805	0.684867	0.637181	0.655226	0.665635	0.661466	0.656958	0.667707	0.634259	0.691083	0.666667	0.668182	0.652819	0.698020	0.659125	0.668942	0.663366	0.666667	0.625931	0.640986	0.706093	0.671949	0.670400	0.657935	0.655332	0.689864	0.671710	0.672811	0.667732	0.687888	0.692800	0.646130	0.671012	0.020007
precision_macro	0.652015	0.688315	0.659105	0.664467	0.665781	0.664735	0.651590	0.663403	0.675316	0.661565	0.690097	0.693159	0.673133	0.674605	0.672521	0.665093	0.659726	0.666997	0.669265	0.669293	0.657273	0.659018	0.669747	0.666270	0.660190	0.663605	0.639241	0.677103	0.668350	0.669943	0.660734	0.676319	0.662475	0.649095	0.656984	0.658130	0.639661	0.655352	0.668205	0.677368	0.656570	0.665074	0.655324	0.677705	0.657704	0.666822	0.668152	0.671202	0.675927	0.647777	0.665150	0.010960
f1score1	0.704403	0.730059	0.719361	0.717372	0.718568	0.713697	0.710280	0.725886	0.726703	0.714874	0.740608	0.741494	0.727027	0.728837	0.729287	0.717557	0.712800	0.722967	0.716862	0.718112	0.719928	0.718316	0.727273	0.725324	0.722934	0.718595	0.699774	0.728007	0.721995	0.723982	0.716106	0.726705	0.717460	0.705987	0.717131	0.714669	0.700272	0.718750	0.717430	0.737168	0.709910	0.724014	0.712094	0.724280	0.705016	0.718948	0.727353	0.718835	0.725966	0.708464	0.719789	0.008944
f1score0	0.554201	0.596089	0.564138	0.575676	0.571234	0.588545	0.552577	0.585200	0.585034	0.589321	0.604366	0.593468	0.591093	0.598794	0.577163	0.573559	0.574111	0.576503	0.576819	0.585724	0.576662	0.571818	0.585432	0.579631	0.564281	0.577988	0.552791	0.588874	0.590514	0.591153	0.585106	0.579849	0.583834	0.541811	0.557173	0.564802	0.560000	0.569083	0.551049	0.588072	0.565452	0.580952	0.570659	0.601980	0.580772	0.585561	0.576552	0.589096	0.586721	0.556841	0.577363	0.014040
f1score_macro	0.629302	0.663074	0.641749	0.646524	0.644901	0.651121	0.631429	0.655543	0.655868	0.652098	0.672487	0.667481	0.659060	0.663815	0.653225	0.645558	0.643455	0.649735	0.646841	0.651918	0.648295	0.645067	0.656352	0.652477	0.643607	0.648292	0.626283	0.658440	0.656255	0.657567	0.650606	0.653277	0.650647	0.623899	0.637152	0.639736	0.630136	0.643917	0.634239	0.662620	0.637681	0.652483	0.641377	0.663130	0.642894	0.652255	0.651953	0.653966	0.656343	0.632653	0.648576	0.010641
roc_auc	0.634513	0.667128	0.643148	0.648690	0.647908	0.652468	0.634719	0.654218	0.657722	0.651958	0.672667	0.669661	0.659271	0.663156	0.654428	0.648249	0.645469	0.651006	0.650918	0.654116	0.647421	0.645608	0.656181	0.652465	0.644347	0.649421	0.627840	0.659984	0.656335	0.657566	0.650467	0.656265	0.650879	0.629662	0.639552	0.642088	0.630519	0.643607	0.642158	0.661886	0.640836	0.652282	0.642504	0.664170	0.645384	0.653307	0.652375	0.656145	0.658407	0.634272	0.650107	0.009907
mcc	0.285994	0.354811	0.301832	0.312760	0.313180	0.316965	0.285811	0.317488	0.332573	0.313376	0.362346	0.362058	0.332114	0.337567	0.326449	0.312889	0.304862	0.317601	0.319657	0.323052	0.304534	0.304330	0.325645	0.318437	0.304125	0.312705	0.266837	0.336652	0.324463	0.327275	0.311031	0.331979	0.313140	0.278080	0.296023	0.299789	0.270025	0.298728	0.309269	0.338901	0.296989	0.317098	0.297552	0.341608	0.302837	0.319844	0.320138	0.327001	0.333874	0.281726	0.314880	0.020577
spd	0.030006	0.024071	0.039194	0.049516	0.001559	0.002900	0.024653	0.015287	0.037103	0.016083	0.017133	0.000780	0.036381	0.005234	0.028620	0.001414	0.000150	0.008271	0.049685	0.011613	0.032189	0.001263	0.022860	0.037925	0.010429	0.002906	0.014430	0.024946	0.012810	0.002223	0.015623	0.001002	0.003910	0.002041	0.028403	0.012811	0.003036	0.014384	0.002230	0.025891	0.003691	0.036191	0.005531	0.002134	0.034187	0.051953	0.020903	0.009083	0.015374	0.009843	0.017197	0.014579
di_old	1.046020	1.036797	0.943355	0.928416	0.997671	1.004535	0.964135	0.976330	0.946072	1.025916	1.026467	0.998853	0.946003	0.991847	0.958378	1.002132	0.999770	0.987593	0.929072	0.982441	0.951267	1.001934	1.035938	1.060395	1.015820	1.004459	1.022535	0.963142	0.980296	0.996554	1.024973	1.001490	1.006116	1.002992	0.958909	0.980959	1.004777	1.022477	0.996815	0.961702	1.005593	0.946206	0.991543	1.003326	0.948637	0.923858	0.969045	0.986198	1.023576	0.985188	0.989371	0.031772
di	0.043995	0.035491	0.056645	0.071584	0.002329	0.004515	0.035865	0.023670	0.053928	0.025261	0.025784	0.001147	0.053997	0.008153	0.041622	0.002128	0.000230	0.012407	0.070928	0.017559	0.048733	0.001931	0.034691	0.056955	0.015574	0.004439	0.022038	0.036858	0.019704	0.003446	0.024364	0.001488	0.006079	0.002983	0.041091	0.019041	0.004754	0.021983	0.003185	0.038298	0.005562	0.053794	0.008457	0.003315	0.051363	0.076142	0.030955	0.013802	0.023033	0.014812	0.025522	0.021263
aod	0.053627	0.053088	-0.005697	-0.014432	0.027838	0.022146	0.001141	0.006312	-0.015107	0.042702	0.039425	0.017630	-0.015341	0.025405	-0.006040	0.031307	0.036174	0.007739	-0.028871	0.014349	-0.005365	0.022671	0.055539	0.063249	0.031811	0.027137	0.037420	0.003579	0.014219	0.013768	0.031506	0.034191	0.038064	0.028448	-0.003752	0.009397	0.030350	0.038712	0.003772	-0.008388	0.024983	-0.001139	0.013910	0.027469	-0.003690	-0.016525	-0.002989	0.022872	0.034758	0.010472	0.017397	0.021094
aaod	0.053627	0.053088	0.025524	0.014432	0.032870	0.046556	0.044578	0.055794	0.032601	0.042702	0.052676	0.036502	0.015341	0.025405	0.035884	0.031307	0.036174	0.041701	0.042675	0.036441	0.026462	0.022671	0.055539	0.063249	0.031811	0.040295	0.037420	0.036226	0.056449	0.056724	0.043562	0.034191	0.038064	0.028448	0.038272	0.042731	0.030350	0.038712	0.032653	0.041897	0.024983	0.024037	0.041161	0.052327	0.026598	0.017804	0.047111	0.038060	0.041641	0.026998	0.037846	0.011243
eod	0.086054	0.088580	0.031221	0.013000	0.060709	0.068703	0.045719	0.062106	0.017494	0.060444	0.092100	0.054132	0.002790	0.044458	0.029845	0.059655	0.041035	0.049440	0.013804	0.050789	0.021097	0.029860	0.049822	0.075551	0.052915	0.067432	0.054813	0.039805	0.070668	0.070492	0.075068	0.039766	0.039130	0.038437	0.034520	0.052128	0.044046	0.070008	0.036425	0.033508	0.028439	0.022898	0.055072	0.079796	0.022908	0.001279	0.044123	0.060933	0.076399	0.037470	0.047938	0.021708
erd	0.005790	0.010071	0.056998	0.036009	0.000615	0.027781	0.005251	0.032006	0.004904	0.002108	0.033692	0.016236	0.009067	0.001659	0.006538	0.002004	0.025139	0.021366	0.011488	0.009570	0.001094	0.010615	0.022768	0.000888	0.000660	0.015727	0.004231	0.005270	0.028683	0.038661	0.030265	0.023972	0.020940	0.023087	0.001795	0.013303	0.009077	0.010859	0.021549	0.018977	0.016813	0.010987	0.018514	0.029955	0.005807	0.019205	0.022153	0.007251	0.022681	0.002015	0.015522	0.012123
