accuracy	0.634792	0.636413	0.643976	0.639114	0.643436	0.623987	0.648298	0.649379	0.648838	0.636413	0.640735	0.647758	0.652080	0.658023	0.652620	0.622366	0.639654	0.653160	0.641275	0.650999	0.646137	0.655321	0.660724	0.645597	0.645057	0.660184	0.634792	0.661804	0.660724	0.642896	0.641815	0.645057	0.635873	0.645597	0.645057	0.636953	0.641275	0.649379	0.633171	0.647218	0.641275	0.640194	0.632631	0.648298	0.644516	0.658023	0.651540	0.650999	0.645597	0.632631	0.644873	0.008831
recall1	0.704684	0.718080	0.703922	0.714286	0.704409	0.680723	0.719124	0.705323	0.711155	0.682399	0.713864	0.721670	0.714145	0.722493	0.744848	0.686373	0.708000	0.723866	0.725331	0.713998	0.700192	0.733138	0.729572	0.698737	0.709709	0.728981	0.703557	0.724378	0.716814	0.714426	0.696376	0.726453	0.679449	0.736364	0.716963	0.708748	0.705479	0.711946	0.753830	0.707692	0.725352	0.703883	0.712451	0.699097	0.708037	0.727634	0.724440	0.731584	0.709000	0.698522	0.713230	0.015066
recall0	0.555811	0.544725	0.570397	0.550588	0.572098	0.557895	0.564345	0.575720	0.574970	0.580336	0.551559	0.559763	0.576230	0.577670	0.539663	0.547479	0.559342	0.567503	0.546083	0.578089	0.576208	0.559179	0.574727	0.579075	0.563946	0.577381	0.551847	0.587470	0.592326	0.555288	0.574699	0.549824	0.582734	0.541231	0.557945	0.551479	0.562123	0.569496	0.497706	0.569667	0.543757	0.560292	0.536353	0.588993	0.572581	0.575148	0.560680	0.558140	0.571093	0.552632	0.562886	0.016430
recall_macro	0.630248	0.631402	0.637159	0.632437	0.638254	0.619309	0.641734	0.640521	0.643063	0.631367	0.632712	0.640717	0.645188	0.650081	0.642256	0.616926	0.633671	0.645684	0.635707	0.646043	0.638200	0.646158	0.652149	0.638906	0.636828	0.653181	0.627702	0.655924	0.654570	0.634857	0.635537	0.638139	0.631092	0.638797	0.637454	0.630113	0.633801	0.640721	0.625768	0.638680	0.634555	0.632088	0.624402	0.644045	0.640309	0.651391	0.642560	0.644862	0.640046	0.625577	0.638058	0.008485
precision1	0.641929	0.639091	0.667907	0.651778	0.658240	0.642045	0.661778	0.686401	0.664804	0.664751	0.660000	0.661202	0.673148	0.680734	0.664623	0.639589	0.653740	0.669708	0.644083	0.661998	0.681267	0.672646	0.681818	0.675117	0.671258	0.674908	0.654412	0.675952	0.681946	0.663024	0.668233	0.653742	0.665063	0.648577	0.662716	0.652930	0.665129	0.678604	0.627551	0.678341	0.648381	0.667587	0.649550	0.665076	0.652296	0.670944	0.672694	0.656109	0.660149	0.654663	0.662365	0.012926
precision0	0.624838	0.632490	0.610825	0.620690	0.623244	0.600000	0.628947	0.597403	0.626770	0.599752	0.612517	0.628154	0.622568	0.625493	0.633286	0.598718	0.619792	0.629139	0.637097	0.635897	0.597686	0.629076	0.629827	0.605598	0.607612	0.638999	0.606815	0.642119	0.631714	0.613546	0.606099	0.632075	0.598522	0.640990	0.619363	0.613966	0.607562	0.607612	0.642963	0.603133	0.630582	0.601307	0.607287	0.626401	0.633929	0.639474	0.620134	0.643432	0.625483	0.601562	0.620250	0.014092
precision_macro	0.633384	0.635790	0.639366	0.636234	0.640742	0.621023	0.645363	0.641902	0.645787	0.632252	0.636258	0.644678	0.647858	0.653113	0.648955	0.619154	0.636766	0.649424	0.640590	0.648948	0.639477	0.650861	0.655823	0.640358	0.639435	0.656954	0.630613	0.659035	0.656830	0.638285	0.637166	0.642909	0.631792	0.644783	0.641040	0.633448	0.636346	0.643108	0.635257	0.640737	0.639482	0.634447	0.628418	0.645739	0.643112	0.655209	0.646414	0.649770	0.642816	0.628113	0.641307	0.008667
f1score1	0.671845	0.676287	0.685442	0.681602	0.680542	0.660819	0.689260	0.695734	0.687199	0.673459	0.685876	0.690114	0.693041	0.700992	0.702453	0.662156	0.679789	0.695735	0.682297	0.687016	0.690600	0.701590	0.704887	0.686724	0.689948	0.700903	0.678095	0.699328	0.698945	0.687766	0.682014	0.688182	0.672179	0.689688	0.688773	0.679695	0.684710	0.694875	0.684919	0.692706	0.684710	0.685255	0.679548	0.681663	0.679024	0.698140	0.697609	0.691794	0.683703	0.675882	0.686710	0.009695
f1score0	0.588307	0.585336	0.589919	0.583541	0.596577	0.578182	0.594897	0.586361	0.599754	0.589884	0.580442	0.591990	0.598504	0.600631	0.582738	0.571953	0.588017	0.596734	0.588089	0.605617	0.586751	0.592072	0.601017	0.592040	0.584965	0.606629	0.578027	0.613580	0.611386	0.582965	0.589981	0.588088	0.590522	0.586902	0.587052	0.581047	0.583960	0.587937	0.561086	0.585923	0.583960	0.580076	0.569620	0.607121	0.601695	0.605607	0.588910	0.597758	0.597052	0.576060	0.589945	0.010498
f1score_macro	0.630076	0.630811	0.637680	0.632571	0.638560	0.619500	0.642079	0.641047	0.643476	0.631672	0.633159	0.641052	0.645772	0.650811	0.642596	0.617055	0.633903	0.646234	0.635193	0.646316	0.638675	0.646831	0.652952	0.639382	0.637457	0.653766	0.628061	0.656454	0.655166	0.635366	0.635998	0.638135	0.631351	0.638295	0.637913	0.630371	0.634335	0.641406	0.623002	0.639314	0.634335	0.632665	0.624584	0.644392	0.640360	0.651874	0.643260	0.644776	0.640377	0.625971	0.638328	0.008709
roc_auc	0.630248	0.631402	0.637159	0.632437	0.638254	0.619309	0.641734	0.640521	0.643063	0.631367	0.632712	0.640717	0.645188	0.650081	0.642256	0.616926	0.633671	0.645684	0.635707	0.646043	0.638200	0.646158	0.652149	0.638906	0.636828	0.653181	0.627702	0.655924	0.654570	0.634857	0.635537	0.638139	0.631092	0.638797	0.637454	0.630113	0.633801	0.640721	0.625768	0.638680	0.634555	0.632088	0.624402	0.644045	0.640309	0.651391	0.642560	0.644862	0.640046	0.625577	0.638058	0.008485
mcc	0.263613	0.267157	0.276516	0.268644	0.278984	0.240325	0.287074	0.282420	0.288837	0.263618	0.268946	0.285367	0.293034	0.303179	0.291134	0.236069	0.270419	0.295084	0.276254	0.294977	0.277674	0.296982	0.307950	0.279260	0.276250	0.310112	0.258299	0.314944	0.311392	0.273120	0.272699	0.281007	0.262883	0.283518	0.278471	0.263540	0.270135	0.283819	0.260853	0.279409	0.273992	0.266525	0.252788	0.289779	0.283407	0.306576	0.288948	0.294591	0.282849	0.253677	0.279342	0.017087
spd	0.048291	0.019740	0.059994	0.079535	0.079653	0.044901	0.041421	0.056442	0.044347	0.056448	0.018784	0.066575	0.056444	0.034220	0.055038	0.046144	0.046187	0.061679	0.033198	0.050708	0.074931	0.033035	0.037848	0.042722	0.020554	0.062129	0.011083	0.047951	0.102054	0.073445	0.036339	0.016700	0.053451	0.057375	0.081052	0.070945	0.055803	0.033108	0.043914	0.065577	0.047895	0.083446	0.049045	0.018973	0.034992	0.098867	0.000560	0.072789	0.066607	0.059703	0.051053	0.021560
di_old	0.921431	0.967490	0.903405	0.876532	0.873481	0.925164	0.932768	0.909097	0.927252	0.906017	0.969033	0.895575	0.909153	0.944004	0.915723	0.924192	0.924992	0.902468	0.946481	0.917155	0.880733	0.947077	0.938854	0.929312	0.965853	0.901669	0.981378	0.921751	0.841522	0.885550	0.939307	0.972629	0.910395	0.911157	0.874487	0.888442	0.910249	0.945730	0.933871	0.895763	0.924216	0.869752	0.922307	0.967218	0.941649	0.848862	0.999063	0.887195	0.893360	0.904415	0.918504	0.033039
di	0.078569	0.032510	0.096595	0.123468	0.126519	0.074836	0.067232	0.090903	0.072748	0.093983	0.030967	0.104425	0.090847	0.055996	0.084277	0.075808	0.075008	0.097532	0.053519	0.082845	0.119267	0.052923	0.061146	0.070688	0.034147	0.098331	0.018622	0.078249	0.158478	0.114450	0.060693	0.027371	0.089605	0.088843	0.125513	0.111558	0.089751	0.054270	0.066129	0.104237	0.075784	0.130248	0.077693	0.032782	0.058351	0.151138	0.000937	0.112805	0.106640	0.095585	0.081496	0.033039
aod	-0.028832	-0.000811	-0.030918	-0.050502	-0.053057	-0.030434	-0.009281	-0.038322	-0.020104	-0.037219	0.002704	-0.052668	-0.036417	-0.006692	-0.032940	-0.021874	-0.013340	-0.042358	-0.014802	-0.028339	-0.049827	-0.010130	-0.007485	-0.018230	0.001605	-0.029967	0.015333	-0.015917	-0.074421	-0.065306	-0.022716	0.013511	-0.024763	-0.036587	-0.054595	-0.055187	-0.027106	-0.009390	-0.036726	-0.051971	-0.031926	-0.055942	-0.032186	0.004950	-0.004638	-0.067423	0.019631	-0.041874	-0.048935	-0.041011	-0.028109	0.022062
aaod	0.051970	0.057434	0.030918	0.050502	0.053057	0.038773	0.013908	0.056232	0.020104	0.037219	0.010918	0.052668	0.036417	0.019616	0.032940	0.021874	0.013340	0.042358	0.041621	0.047990	0.049827	0.010130	0.007485	0.018230	0.007678	0.029967	0.015333	0.015917	0.074421	0.082351	0.042094	0.013511	0.024763	0.058134	0.054595	0.066282	0.027106	0.028826	0.036726	0.051971	0.036977	0.055942	0.034486	0.032884	0.019006	0.067423	0.023329	0.041874	0.048935	0.041011	0.036941	0.018240
eod	0.023138	0.056623	0.039282	0.037976	0.022765	0.008339	0.004627	0.017910	0.021424	0.001672	0.013621	0.014258	0.031337	0.012924	0.009373	0.007889	0.009669	0.031430	0.026819	0.019651	0.027325	0.013164	0.007786	0.018075	0.009282	0.036397	0.009910	0.010475	0.030418	0.017045	0.019378	0.011351	0.021946	0.021547	0.033490	0.011095	0.021069	0.019436	0.032891	0.009395	0.005051	0.024433	0.002300	0.037834	0.014368	0.032979	0.042960	0.020441	0.019419	0.016232	0.020164	0.011618
erd	0.032623	0.039836	0.027225	0.014911	0.006553	0.024527	0.006531	0.034012	0.015644	0.019677	0.002897	0.020197	0.010346	0.003321	0.000672	0.005230	0.017277	0.006370	0.023989	0.030051	0.000864	0.017974	0.017049	0.013673	0.004590	0.026833	0.018017	0.011467	0.016235	0.059620	0.029455	0.019162	0.012322	0.031566	0.005869	0.041836	0.014782	0.011989	0.006616	0.022878	0.019005	0.001625	0.013912	0.022377	0.002153	0.003529	0.012641	0.005873	0.012095	0.004893	0.016456	0.012070
