accuracy	0.863340	0.859549	0.858286	0.856391	0.859128	0.858918	0.866919	0.854917	0.858918	0.857444	0.859339	0.858497	0.857865	0.855338	0.867130	0.859971	0.854706	0.864603	0.860392	0.856180	0.853443	0.853232	0.862287	0.855127	0.849653	0.856391	0.861023	0.861866	0.857023	0.859971	0.859971	0.859549	0.866288	0.866709	0.856601	0.849442	0.856601	0.858286	0.856180	0.856812	0.850916	0.862919	0.855127	0.854496	0.861866	0.865656	0.854706	0.863761	0.858075	0.858075	0.858598	0.004206
recall1	0.321159	0.314181	0.319753	0.305656	0.311640	0.305868	0.345616	0.306373	0.320755	0.318859	0.310388	0.313939	0.323601	0.294686	0.335038	0.294919	0.318772	0.317722	0.311705	0.331311	0.279393	0.321687	0.340050	0.323460	0.293556	0.325721	0.314070	0.335427	0.311881	0.312189	0.319563	0.303483	0.331194	0.345616	0.321046	0.299883	0.304668	0.315855	0.319861	0.308642	0.309662	0.311938	0.311736	0.316425	0.319481	0.321569	0.299270	0.318069	0.332533	0.320685	0.316211	0.012934
recall0	0.972187	0.973035	0.969028	0.973201	0.969873	0.971125	0.970469	0.968726	0.975904	0.967537	0.970380	0.972987	0.969697	0.973731	0.972019	0.975647	0.971040	0.973731	0.969215	0.966369	0.968166	0.965808	0.967130	0.970038	0.968806	0.969109	0.971161	0.967873	0.968790	0.971610	0.973255	0.972877	0.971285	0.970217	0.971853	0.970452	0.970775	0.968338	0.975792	0.969535	0.970437	0.971033	0.968201	0.968120	0.966826	0.970131	0.970970	0.975641	0.969867	0.969736	0.970595	0.002421
recall_macro	0.646673	0.643608	0.644390	0.639428	0.640756	0.638496	0.658043	0.637549	0.648329	0.643198	0.640384	0.643463	0.646649	0.634209	0.653529	0.635283	0.644906	0.645726	0.640460	0.648840	0.623779	0.643747	0.653590	0.646749	0.631181	0.647415	0.642616	0.651650	0.640335	0.641899	0.646409	0.638180	0.651239	0.657917	0.646449	0.635168	0.637722	0.642097	0.647827	0.639089	0.640050	0.641486	0.639969	0.642273	0.643153	0.645850	0.635120	0.646855	0.651200	0.645210	0.643403	0.006375
precision1	0.698630	0.707989	0.679790	0.707521	0.676630	0.682451	0.699229	0.670241	0.743169	0.667532	0.679452	0.709589	0.690909	0.703170	0.702413	0.712575	0.704961	0.707042	0.667575	0.674074	0.636888	0.665835	0.675000	0.700000	0.668478	0.691327	0.686813	0.677665	0.672000	0.691460	0.714674	0.695157	0.693548	0.697436	0.710526	0.690860	0.683196	0.669312	0.746631	0.675676	0.698163	0.678771	0.671053	0.677003	0.650794	0.673973	0.683333	0.728045	0.701266	0.687664	0.689550	0.020630
precision0	0.877053	0.872093	0.873855	0.868565	0.874458	0.873349	0.881881	0.870658	0.868583	0.874198	0.874316	0.870894	0.872594	0.867333	0.881170	0.871121	0.867842	0.877333	0.876540	0.873158	0.870513	0.870515	0.879513	0.869007	0.864871	0.871242	0.875485	0.878530	0.872885	0.873917	0.872175	0.872669	0.880969	0.881854	0.869306	0.862920	0.870953	0.874628	0.865464	0.872117	0.864240	0.877932	0.871138	0.870243	0.880119	0.881615	0.868763	0.874659	0.872301	0.872940	0.873010	0.004626
precision_macro	0.787842	0.790041	0.776823	0.788043	0.775544	0.777900	0.790555	0.770450	0.805876	0.770865	0.776884	0.790242	0.781752	0.785252	0.791791	0.791848	0.786402	0.792187	0.772058	0.773616	0.753701	0.768175	0.777256	0.784503	0.766675	0.781284	0.781149	0.778098	0.772443	0.782689	0.793425	0.783913	0.787259	0.789645	0.789916	0.776890	0.777074	0.771970	0.806047	0.773896	0.781201	0.778352	0.771095	0.773623	0.765456	0.777794	0.776048	0.801352	0.786784	0.780302	0.781280	0.010057
f1score1	0.440035	0.435224	0.434929	0.426891	0.426735	0.422414	0.462585	0.420521	0.448105	0.431570	0.426117	0.435294	0.440762	0.415319	0.453680	0.417178	0.439024	0.438428	0.424978	0.444264	0.388401	0.433794	0.452261	0.442464	0.407960	0.442810	0.431034	0.448739	0.426036	0.430163	0.441646	0.422511	0.448306	0.462192	0.442260	0.418226	0.421410	0.429177	0.447858	0.423729	0.429032	0.427441	0.425710	0.431276	0.428571	0.435398	0.416244	0.442722	0.451140	0.437396	0.433399	0.013583
f1score0	0.922173	0.919803	0.918984	0.917910	0.919698	0.919645	0.924057	0.917078	0.919121	0.918502	0.919846	0.919114	0.918586	0.917458	0.924368	0.920426	0.916546	0.923022	0.920551	0.917402	0.916746	0.915689	0.921243	0.916747	0.913893	0.917573	0.920844	0.921040	0.918340	0.920178	0.919947	0.920053	0.923925	0.923927	0.917724	0.913532	0.918159	0.919101	0.917322	0.918250	0.914265	0.922139	0.917108	0.916576	0.921437	0.923757	0.917027	0.922394	0.918501	0.918795	0.919210	0.002597
f1score_macro	0.681104	0.677514	0.676956	0.672401	0.673216	0.671029	0.693321	0.668800	0.683613	0.675036	0.672982	0.677204	0.679674	0.666388	0.689024	0.668802	0.677785	0.680725	0.672765	0.680833	0.652574	0.674741	0.686752	0.679605	0.660927	0.680192	0.675939	0.684890	0.672188	0.675170	0.680796	0.671282	0.686115	0.693060	0.679992	0.665879	0.669785	0.674139	0.682590	0.670989	0.671649	0.674790	0.671409	0.673926	0.675004	0.679578	0.666636	0.682558	0.684820	0.678095	0.676305	0.007531
roc_auc	0.646673	0.643608	0.644390	0.639428	0.640756	0.638496	0.658043	0.637549	0.648329	0.643198	0.640384	0.643463	0.646649	0.634209	0.653529	0.635283	0.644906	0.645726	0.640460	0.648840	0.623779	0.643747	0.653590	0.646749	0.631181	0.647415	0.642616	0.651650	0.640335	0.641899	0.646409	0.638180	0.651239	0.657917	0.646449	0.635168	0.637722	0.642097	0.647827	0.639089	0.640050	0.641486	0.639969	0.642273	0.643153	0.645850	0.635120	0.646855	0.651200	0.645210	0.643403	0.006375
mcc	0.410943	0.408177	0.399853	0.400806	0.393876	0.392367	0.428580	0.385747	0.426006	0.393890	0.394310	0.408112	0.406539	0.391322	0.423313	0.397402	0.407438	0.412695	0.390964	0.403609	0.354417	0.392680	0.412717	0.408659	0.374073	0.407262	0.400481	0.410724	0.391067	0.400566	0.414536	0.396137	0.416868	0.427737	0.412107	0.386919	0.390687	0.393172	0.425403	0.390363	0.396899	0.396902	0.389589	0.394609	0.389876	0.402572	0.386262	0.420738	0.416469	0.403498	0.401599	0.014066
spd	0.021229	0.024484	0.021997	0.033320	0.031431	0.041830	0.025098	0.034860	0.041916	0.033244	0.030336	0.037115	0.021556	0.027966	0.031776	0.030869	0.029655	0.026225	0.016539	0.023495	0.039807	0.032639	0.024326	0.023611	0.031048	0.052016	0.033200	0.040897	0.037168	0.039757	0.026992	0.030989	0.034099	0.025549	0.040775	0.028882	0.032752	0.037438	0.033161	0.023178	0.035130	0.026582	0.033676	0.042291	0.043974	0.037116	0.026999	0.039246	0.041211	0.031912	0.032227	0.007124
di_old	0.765511	0.734260	0.766781	0.655831	0.677182	0.590967	0.743907	0.655317	0.597940	0.674930	0.685283	0.630783	0.772420	0.693672	0.678153	0.658589	0.703453	0.713185	0.811788	0.765731	0.596247	0.689487	0.756739	0.757206	0.680964	0.551394	0.662635	0.625145	0.638782	0.609471	0.715573	0.668379	0.660436	0.741237	0.614514	0.702441	0.663320	0.639099	0.666432	0.750177	0.658133	0.712512	0.667833	0.610289	0.593060	0.630112	0.710408	0.606140	0.624850	0.682726	0.677228	0.057318
di	0.234489	0.265740	0.233219	0.344169	0.322818	0.409033	0.256093	0.344683	0.402060	0.325070	0.314717	0.369217	0.227580	0.306328	0.321847	0.341411	0.296547	0.286815	0.188212	0.234269	0.403753	0.310513	0.243261	0.242794	0.319036	0.448606	0.337365	0.374855	0.361218	0.390529	0.284427	0.331621	0.339564	0.258763	0.385486	0.297559	0.336680	0.360901	0.333568	0.249823	0.341867	0.287488	0.332167	0.389711	0.406940	0.369888	0.289592	0.393860	0.375150	0.317274	0.322772	0.057318
aod	0.023513	0.032576	0.042521	0.021046	0.004198	-0.008497	0.042540	0.003561	-0.003573	-0.002662	0.004413	0.009726	0.037865	0.019604	0.016912	0.013875	0.017782	0.022237	0.043742	0.037899	-0.004539	0.018249	0.021019	0.028817	0.016363	-0.026343	0.015991	0.016333	0.012087	-0.002300	0.025846	0.022207	0.009390	0.039764	0.011563	0.025526	0.014337	0.014235	0.013298	0.037291	0.017316	0.041724	0.011472	0.008041	0.003045	0.023177	0.013970	0.013872	-0.006995	0.024412	0.016769	0.014817
aaod	0.023513	0.032576	0.044199	0.024533	0.007486	0.008497	0.042540	0.008066	0.004104	0.008350	0.004413	0.017070	0.037865	0.021669	0.022527	0.020418	0.020751	0.022237	0.043742	0.038965	0.004539	0.024637	0.021019	0.028817	0.016363	0.026343	0.025788	0.022323	0.024126	0.003822	0.025846	0.034530	0.009390	0.041727	0.020498	0.031249	0.017129	0.023643	0.014170	0.040916	0.020160	0.047613	0.015757	0.018203	0.013817	0.035116	0.013970	0.026928	0.007496	0.030394	0.022797	0.011646
eod	0.040498	0.063764	0.086720	0.045579	0.011684	0.010480	0.083070	0.011627	0.007677	0.011012	0.005624	0.026796	0.071893	0.041273	0.039439	0.034294	0.038533	0.042921	0.083251	0.076864	0.001541	0.042886	0.035587	0.052001	0.032479	0.046707	0.041780	0.038656	0.036213	0.001522	0.048809	0.056738	0.010819	0.081490	0.032061	0.056775	0.031466	0.037878	0.027468	0.078207	0.037476	0.089337	0.027229	0.026243	0.016861	0.058293	0.027231	0.040800	0.014492	0.054805	0.040337	0.023477
erd	0.077205	0.096718	0.099772	0.104945	0.077022	0.086754	0.095398	0.086392	0.088257	0.074418	0.078192	0.094295	0.093744	0.096229	0.082584	0.092354	0.088477	0.085545	0.093000	0.094326	0.099092	0.092929	0.074828	0.089354	0.102199	0.079739	0.091975	0.101551	0.096636	0.086882	0.092797	0.096263	0.085176	0.093147	0.101547	0.104134	0.095863	0.099224	0.090253	0.099927	0.104467	0.108385	0.091248	0.102800	0.098343	0.103035	0.085868	0.099593	0.078652	0.098345	0.092598	0.008528
